884 -1 -1 -1 -1
0 1314 673 329 207
1 1315 710 1606 879
2 1309 705 1600 874
3 1309 705 1600 874
4 1311 706 1599 879
5 1311 705 1599 878
6 1299 698 1587 871
7 1300 699 1588 879
8 1293 694 1581 874
9 1293 694 1581 874
10 1289 693 1572 878
11 1289 693 1572 878
12 1282 689 1565 874
13 1284 691 1565 879
14 1277 686 1558 874
15 1277 686 1558 874
16 1279 686 1558 878
17 1279 686 1558 878
18 1267 678 1546 870
19 1267 680 1544 872
20 1261 676 1538 868
21 1261 676 1538 868
22 1258 673 1531 865
23 1258 673 1531 865
24 1252 669 1525 861
25 1253 670 1525 859
26 1247 666 1519 855
27 1247 666 1519 855
28 1247 667 1516 855
29 1247 667 1516 855
30 1234 660 1503 848
31 1236 660 1502 846
32 1229 656 1495 842
33 1229 656 1495 842
34 1225 654 1488 837
35 1225 654 1488 837
36 1219 650 1482 833
37 1221 650 1481 831
38 1214 646 1474 827
39 1214 646 1474 827
40 1215 648 1474 828
41 1215 648 1474 828
42 1202 640 1461 820
43 1204 640 1460 819
44 1197 636 1453 815
45 1197 636 1453 815
46 1194 631 1446 809
47 1194 631 1446 809
48 1189 628 1441 806
49 1189 625 1439 804
50 1182 621 1432 800
51 1182 621 1432 800
52 1184 624 1434 800
53 1184 624 1434 800
54 1170 615 1420 791
55 1171 621 1418 792
56 1166 618 1413 789
57 1164 617 1411 788
58 1161 614 1405 783
59 1161 614 1405 783
60 1155 610 1399 779
61 1155 610 1398 779
62 1148 607 1391 776
63 1149 607 1392 776
64 1151 606 1390 775
65 1151 606 1390 775
66 1139 598 1378 767
67 1140 601 1376 767
68 1134 598 1370 764
69 1134 597 1370 763
70 1130 593 1361 758
71 1130 593 1361 758
72 1125 590 1356 755
73 1124 589 1355 753
74 1118 585 1349 749
75 1118 585 1349 749
76 1119 585 1348 749
77 1119 585 1348 749
78 1106 578 1335 742
79 1108 578 1334 742
80 1102 574 1328 738
81 1102 574 1328 738
82 1098 573 1319 732
83 1098 573 1319 732
84 1092 569 1313 728
85 1091 568 1313 730
86 1084 564 1306 726
87 1084 564 1306 726
88 1087 568 1307 722
89 1087 568 1307 722
90 1075 560 1295 714
91 1076 561 1293 717
92 1070 557 1287 713
93 1070 557 1287 713
94 1065 553 1281 707
95 1065 553 1281 707
96 1059 550 1275 704
97 1060 551 1273 702
98 1054 547 1267 698
99 1054 547 1267 698
100 1055 547 1265 700
101 1055 547 1265 700
102 1043 540 1253 693
103 1044 541 1252 692
104 1039 538 1247 689
105 1038 538 1246 689
106 1034 534 1242 684
107 1034 534 1242 684
108 1030 532 1238 682
109 1029 531 1233 679
110 1022 527 1226 675
111 1022 527 1226 675
112 1024 528 1226 675
113 1023 528 1225 675
114 1010 520 1212 667
115 1013 522 1215 668
116 1008 519 1210 665
117 1008 519 1210 665
118 1002 513 1201 658
119 1002 514 1201 659
120 999 510 1198 655
121 998 512 1195 654
122 993 508 1190 650
123 993 508 1190 650
124 994 511 1190 649
125 995 511 1191 649
126 983 505 1179 643
127 982 504 1175 644
128 977 500 1170 640
129 977 500 1170 640
130 972 497 1161 637
131 972 497 1161 637
132 966 493 1155 633
133 967 494 1156 633
134 962 491 1151 630
135 962 491 1151 630
136 963 492 1151 629
137 963 492 1151 629
138 952 485 1140 622
139 953 486 1138 620
140 947 483 1132 617
141 947 483 1132 617
142 943 461 1130 612
143 943 461 1130 612
144 938 458 1125 609
145 938 476 1121 608
146 933 472 1116 604
147 933 472 1116 604
148 934 474 1114 606
149 934 474 1114 606
150 924 468 1104 600
151 926 465 1101 598
152 920 462 1095 595
153 920 462 1095 595
154 915 461 1089 590
155 916 462 1090 591
156 909 457 1083 586
157 910 456 1084 587
158 905 453 1079 584
159 905 453 1079 584
160 906 443 1079 584
161 906 443 1079 584
162 897 438 1070 579
163 898 429 1070 576
164 893 426 1065 573
165 893 426 1065 573
166 888 442 1058 570
167 888 442 1058 570
168 883 439 1053 567
169 883 443 1050 565
170 878 440 1045 562
171 878 440 1045 562
172 879 436 1044 564
173 880 436 1045 564
174 870 431 1035 559
175 870 430 1034 556
176 865 427 1029 553
177 865 427 1029 553
178 862 427 1023 548
179 862 427 1023 548
180 857 424 1018 545
181 857 422 1018 546
182 852 419 1013 543
183 852 419 1013 543
184 852 422 1012 542
185 852 422 1012 542
186 842 417 1002 537
187 844 401 1002 536
188 839 399 997 534
189 839 399 997 534
190 835 412 992 530
191 835 412 992 530
192 830 409 987 527
193 832 411 986 525
194 827 408 981 522
195 827 408 981 522
196 827 409 980 523
197 827 410 980 524
198 819 403 972 517
199 818 389 971 516
200 814 386 967 513
201 814 386 967 513
202 810 381 963 511
203 810 381 963 511
204 806 377 959 507
205 807 395 956 508
206 802 392 951 505
207 802 392 951 505
208 802 396 950 505
209 802 396 950 505
210 792 391 940 500
211 793 392 940 500
212 789 390 936 498
213 789 390 936 498
214 786 386 931 491
215 785 385 930 490
216 783 384 928 489
217 783 380 929 489
218 779 378 925 487
219 779 378 925 487
220 778 385 922 486
221 778 384 922 485
222 772 383 916 484
223 770 373 912 481
224 767 370 909 478
225 767 372 909 480
226 763 364 904 475
227 764 365 905 476
228 761 362 902 473
229 759 363 898 473
230 757 359 896 469
231 757 360 896 470
232 755 366 893 470
233 754 366 892 470
234 750 361 888 465
235 748 359 884 464
236 745 358 881 463
237 745 357 881 462
238 739 352 874 458
239 740 352 875 458
240 736 351 871 457
241 736 351 870 457
242 733 350 867 456
243 733 349 867 455
244 733 349 866 452
245 733 349 866 452
246 726 346 859 449
247 725 350 856 448
248 722 348 853 446
249 722 348 853 446
250 717 345 847 442
251 717 345 847 442
252 715 342 845 439
253 713 343 842 441
254 712 341 841 439
255 712 341 841 439
256 712 338 840 438
257 712 337 840 437
258 706 331 834 431
259 703 335 827 430
260 699 333 823 428
261 698 332 822 427
262 695 330 821 427
263 695 331 821 428
264 691 329 817 426
265 691 329 814 424
266 688 327 811 422
267 688 327 811 422
268 688 324 812 421
269 688 324 812 421
270 681 319 805 416
271 682 322 805 418
272 679 320 802 416
273 679 320 802 416
274 674 319 795 411
275 673 319 794 411
276 668 317 789 409
277 670 314 791 409
278 666 312 787 407
279 666 312 787 407
280 668 308 788 407
281 668 308 788 407
282 662 304 782 403
283 661 304 781 401
284 657 303 777 400
285 657 303 777 400
286 654 304 773 398
287 654 304 773 398
288 650 302 769 396
289 650 302 768 394
290 645 299 763 391
291 645 299 763 391
292 646 301 763 392
293 646 301 763 392
294 640 296 757 387
295 639 297 756 388
296 637 296 754 387
297 637 296 754 387
298 633 294 750 383
299 633 294 750 383
300 629 291 746 380
301 630 294 745 379
302 626 292 741 377
303 626 293 741 378
304 626 290 741 377
305 626 290 741 377
306 619 285 734 372
307 619 288 732 371
308 617 287 730 370
309 617 287 730 370
310 613 284 726 370
311 614 284 727 370
312 611 283 724 369
313 610 280 723 369
314 607 278 720 367
315 607 278 720 367
316 607 280 719 366
317 607 280 719 366
318 599 277 711 363
319 598 275 711 361
320 596 273 709 359
321 595 273 708 359
322 594 274 703 358
323 594 274 703 358
324 591 272 700 356
325 592 271 700 354
326 589 268 697 351
327 588 268 696 351
328 589 270 696 352
329 590 271 697 353
330 581 266 688 348
331 583 265 689 346
332 580 263 686 344
333 580 263 686 344
334 575 264 680 341
335 577 264 682 341
336 574 262 679 339
337 573 263 677 341
338 569 261 673 339
339 569 261 673 339
340 571 260 675 339
341 571 261 675 340
342 564 257 668 336
343 564 255 667 334
344 560 253 663 332
345 560 253 663 332
346 557 251 659 330
347 557 251 659 330
348 554 250 656 329
349 553 250 657 330
350 550 248 654 328
351 550 248 654 328
352 551 247 654 328
353 552 247 655 328
354 546 243 649 324
355 546 245 647 323
356 543 244 644 322
357 543 244 644 322
358 538 240 639 320
359 538 240 639 320
360 536 238 637 318
361 535 238 636 318
362 532 236 633 316
363 532 237 633 317
364 533 237 633 315
365 534 237 634 315
366 528 234 628 312
367 528 234 628 312
368 525 232 625 310
369 525 232 625 310
370 523 230 620 308
371 523 230 620 308
372 519 228 616 306
373 519 230 615 306
374 519 230 615 306
375 516 228 612 304
376 516 228 612 303
377 516 228 612 303
378 511 224 607 299
379 511 225 607 300
380 509 223 605 298
381 510 223 606 298
382 506 221 600 297
383 506 221 600 297
384 502 220 596 296
385 502 219 597 294
386 498 218 593 293
387 498 218 593 293
388 499 218 594 293
389 499 218 594 293
390 493 215 588 290
391 494 213 588 288
392 492 212 586 287
393 492 212 586 287
394 488 213 581 285
395 488 213 581 285
396 485 211 578 283
397 487 211 579 283
398 484 209 576 281
399 484 209 576 281
400 484 208 576 281
401 484 209 576 282
402 478 205 570 278
403 478 206 568 278
404 475 204 565 276
405 475 204 565 276
406 473 201 563 274
407 473 200 563 273
408 470 200 560 273
409 470 201 560 273
410 467 200 557 272
411 467 200 557 272
412 467 200 556 272
413 467 200 556 272
414 461 197 550 269
415 462 195 550 268
416 461 194 549 267
417 461 194 549 267
418 456 193 545 263
419 456 192 545 262
420 453 191 542 261
421 455 189 543 263
422 450 187 538 261
423 450 187 538 261
424 452 188 539 261
425 452 188 539 261
426 446 184 533 257
427 448 186 534 257
428 446 184 532 255
429 446 184 532 255
430 442 184 527 254
431 442 184 527 254
432 439 182 524 252
433 440 183 526 252
434 438 181 524 250
435 438 181 524 250
436 437 181 522 250
437 437 181 522 250
438 432 178 517 247
439 432 178 516 247
440 429 176 513 245
441 429 176 513 245
442 428 175 512 245
443 429 176 513 246
444 427 175 511 245
445 426 175 509 243
446 423 173 506 241
447 423 173 506 241
448 424 172 507 241
449 424 171 507 240
450 418 168 501 237
451 419 171 501 238
452 415 169 497 236
453 415 169 497 236
454 414 168 496 235
455 413 168 495 235
456 411 167 493 234
457 411 169 492 233
458 409 169 490 233
459 409 169 490 233
460 410 169 492 231
461 411 169 493 231
462 407 166 489 228
463 406 165 486 229
464 404 164 484 228
465 404 164 484 228
466 400 164 479 225
467 400 164 479 225
468 398 163 477 224
469 396 163 475 223
470 396 163 475 223
471 396 163 475 223
472 396 162 475 223
473 395 161 474 222
474 391 158 470 219
475 392 162 471 220
476 390 160 469 218
477 391 159 470 217
478 388 160 466 216
479 389 160 467 216
480 387 158 465 214
481 385 159 463 214
482 382 158 460 213
483 382 158 460 213
484 383 156 460 213
485 383 157 460 214
486 379 154 456 211
487 380 156 456 211
488 377 155 453 210
489 377 155 453 210
490 376 154 452 207
491 377 154 453 207
492 374 153 450 206
493 373 149 449 207
494 371 148 447 206
495 371 148 447 206
496 370 148 445 206
497 370 147 445 205
498 366 144 441 202
499 369 145 443 202
500 367 144 441 201
501 367 144 441 201
502 365 143 438 199
503 366 144 439 200
504 364 143 437 199
505 363 141 436 199
506 362 140 435 198
507 362 140 435 198
508 360 140 433 197
509 358 140 431 197
510 354 139 427 196
511 357 137 428 195
512 356 136 427 194
513 356 136 427 194
514 355 134 424 191
515 353 133 422 190
516 351 132 420 189
517 352 135 422 190
518 350 134 420 189
519 350 134 420 189
520 350 133 419 188
521 348 134 417 189
522 344 132 413 187
523 346 131 415 187
524 343 130 412 186
525 343 130 412 186
526 342 130 410 184
527 340 129 408 183
528 339 128 407 182
529 339 127 409 182
530 337 126 407 181
531 337 126 407 181
532 338 127 407 181
533 339 127 408 181
534 334 126 403 180
535 332 122 402 179
536 329 120 399 177
537 329 120 399 177
538 328 121 397 177
539 327 121 396 177
540 325 120 394 176
541 326 120 396 176
542 324 119 394 175
543 324 119 394 175
544 325 119 395 174
545 326 120 396 175
546 322 118 392 173
547 323 118 391 172
548 320 118 388 172
549 321 118 389 172
550 318 117 386 170
551 318 118 386 171
552 316 117 384 170
553 316 115 384 169
554 314 113 382 167
555 314 112 382 166
556 313 114 382 168
557 315 113 384 167
558 313 111 382 165
559 312 112 380 165
560 311 111 379 164
561 311 110 379 163
562 308 111 375 163
563 308 110 375 162
564 306 110 373 162
565 306 110 373 162
566 304 109 371 161
567 304 109 371 161
568 304 109 371 161
569 302 108 369 160
570 300 106 367 158
571 302 106 368 159
572 300 103 366 156
573 300 103 366 156
574 299 106 365 156
575 298 106 364 156
576 296 105 362 155
577 297 104 362 155
578 294 103 359 154
579 294 103 359 154
580 295 103 360 154
581 296 103 361 154
582 294 101 359 152
583 293 100 357 151
584 291 100 355 151
585 291 100 355 151
586 291 94 355 150
587 291 96 355 152
588 289 95 353 151
589 289 92 353 149
590 288 91 352 148
591 288 91 352 148
592 287 92 351 148
593 288 93 352 149
594 285 91 349 147
595 283 94 347 146
596 283 94 347 146
597 283 94 347 146
598 281 92 344 143
599 281 93 344 144
600 279 92 342 143
601 279 91 342 142
602 278 89 341 140
603 278 89 341 140
604 279 91 341 141
605 279 92 341 142
606 276 90 338 140
607 275 90 337 140
608 273 90 335 140
609 273 90 335 140
610 272 88 333 137
611 272 87 333 136
612 271 86 332 135
613 271 85 332 137
614 270 84 331 136
615 270 84 331 136
616 271 86 331 136
617 271 87 331 137
618 267 85 327 135
619 266 85 327 134
620 266 84 327 133
621 267 84 328 133
622 264 83 325 132
623 261 83 322 132
624 260 82 321 131
625 263 83 322 131
626 260 83 319 131
627 260 83 319 131
628 262 82 321 130
629 261 82 320 130
630 258 80 317 128
631 259 81 318 129
632 258 80 317 128
633 258 80 317 128
634 258 77 316 126
635 257 78 315 127
636 255 78 313 127
637 255 76 314 126
638 251 75 310 125
639 251 75 310 125
640 254 76 313 124
641 254 75 313 123
642 251 73 310 121
643 251 77 310 123
644 251 75 310 121
645 251 75 310 121
646 249 75 307 121
647 249 76 307 122
648 248 75 306 121
649 248 74 305 119
650 246 74 303 119
651 246 74 303 119
652 247 73 304 119
653 246 73 303 119
654 244 72 301 118
655 244 72 301 116
656 243 71 300 115
657 243 71 300 115
658 243 70 299 115
659 245 70 301 115
660 244 69 300 114
661 242 71 297 114
662 240 72 295 115
663 240 72 295 115
664 240 69 296 114
665 239 71 295 116
666 236 69 292 114
667 238 67 293 112
668 237 66 292 111
669 237 66 292 111
670 235 67 290 111
671 235 68 290 112
672 234 67 289 111
673 235 64 289 109
674 232 63 286 108
675 232 62 286 107
676 234 64 288 109
677 233 64 287 109
678 231 62 285 107
679 232 63 286 107
680 231 63 285 107
681 233 64 287 108
682 227 62 282 106
683 228 63 283 107
684 226 62 281 106
685 227 61 281 105
686 227 60 281 104
687 226 60 280 104
688 226 60 280 104
689 226 61 280 105
690 223 59 277 103
691 224 59 278 103
692 223 57 277 101
693 223 57 277 101
694 223 57 275 101
695 223 57 275 101
696 222 56 274 100
697 220 55 273 101
698 218 54 271 100
699 218 54 271 100
700 219 55 272 100
701 219 55 272 100
702 217 54 270 99
703 218 56 270 98
704 216 55 268 97
705 216 55 268 97
706 216 53 267 97
707 214 52 265 96
708 213 51 264 95
709 216 54 266 96
710 215 53 265 95
711 215 53 265 95
712 214 53 265 95
713 213 54 264 96
714 212 52 263 94
715 211 51 262 93
716 211 49 262 91
717 212 50 263 92
718 211 54 260 92
719 210 54 259 92
720 209 54 258 92
721 208 50 259 92
722 208 50 259 92
723 208 50 259 92
724 208 50 258 90
725 207 49 257 89
726 205 47 255 87
727 206 47 255 89
728 205 48 254 90
729 205 49 254 91
730 204 47 253 87
731 203 47 252 87
732 201 45 250 85
733 202 47 252 86
734 199 47 249 86
735 199 47 249 86
736 201 47 251 86
737 200 49 250 88
738 198 48 248 87
739 201 48 248 85
740 200 47 247 84
741 200 47 247 84
742 197 46 247 83
743 195 48 245 85
744 193 47 243 84
745 196 45 246 83
746 195 44 245 82
747 195 45 245 83
748 195 44 244 82
749 195 44 244 82
750 193 44 242 82
751 193 43 242 81
752 192 43 241 81
753 191 43 240 81
754 190 42 239 80
755 191 41 240 79
756 190 40 239 78
757 190 41 239 78
758 187 40 236 77
759 187 40 236 77
760 189 42 238 78
761 188 41 237 77
762 186 39 235 75
763 188 41 236 76
764 184 42 232 77
765 184 42 232 77
766 185 41 233 75
767 183 39 231 73
768 182 39 230 73
769 184 40 232 74
770 184 40 232 74
771 184 40 232 74
772 185 40 231 74
773 185 39 231 73
774 183 39 229 73
775 181 33 229 72
776 180 32 228 71
777 180 32 228 71
778 177 31 226 70
779 176 32 225 71
780 175 31 224 70
781 179 35 225 70
782 178 34 224 69
783 180 34 226 69
784 178 35 224 70
785 179 36 225 71
786 178 34 224 69
787 177 35 223 69
788 176 36 222 70
789 176 36 222 70
790 173 32 221 68
791 172 31 220 67
792 171 32 219 68
793 172 31 219 66
794 171 31 218 66
795 171 31 218 66
796 172 31 218 66
797 172 31 218 66
798 171 30 217 65
799 170 29 216 65
800 168 30 214 66
801 168 30 214 66
802 169 29 215 64
803 170 27 216 62
804 169 26 215 61
805 166 26 213 63
806 166 25 213 62
807 166 25 213 62
808 166 27 213 63
809 167 28 214 64
810 165 27 212 63
811 165 24 210 62
812 165 23 210 61
813 164 24 209 62
814 164 23 208 60
815 166 23 210 60
816 165 23 209 60
817 162 22 207 59
818 163 20 208 57
819 163 20 208 57
820 161 24 206 59
821 163 22 208 57
822 161 20 206 55
823 159 21 205 58
824 157 20 203 57
825 157 20 203 57
826 158 21 203 56
827 158 19 203 54
828 157 18 202 53
829 157 20 202 55
830 151 18 196 53
831 151 18 196 53
832 157 22 201 56
833 153 17 197 51
834 151 16 195 50
835 155 21 199 54
836 156 22 200 55
837 155 22 199 55
838 154 20 198 53
839 152 21 196 54
840 151 21 195 54
841 153 17 197 52
842 153 16 197 51
843 153 16 197 51
844 150 15 195 52
845 149 16 194 53
846 147 15 192 52
847 148 16 193 52
848 147 15 192 51
849 147 15 192 51
850 147 15 191 50
851 146 15 190 50
852 145 14 189 49
853 147 15 191 49
854 148 13 192 47
855 148 14 192 48
856 146 13 190 48
857 145 11 189 46
858 143 10 187 45
859 143 14 187 47
860 141 15 185 48
861 141 15 185 48
862 142 14 185 46
863 140 14 183 46
864 139 14 182 46
865 142 14 185 46
866 142 14 185 46
867 142 15 185 47
868 141 13 184 45
869 140 13 183 45
870 138 12 181 44
871 140 11 182 44
872 142 9 184 42
873 141 11 183 44
874 139 11 180 42
875 138 12 179 43
876 137 12 178 43
877 138 11 179 42
878 139 11 180 42
879 138 12 179 43
880 137 11 178 42
881 136 12 177 43
882 134 11 175 42
883 135 8 177 41
