653 -1 -1 -1 -1
0 1383 301 153 74
1 1387 305 1532 371
2 1388 305 1533 371
3 1381 305 1526 371
4 1381 305 1526 370
5 1375 306 1520 371
6 1376 306 1521 371
7 1364 307 1513 373
8 1364 307 1513 373
9 1357 308 1506 374
10 1357 306 1506 374
11 1344 307 1493 375
12 1343 307 1492 375
13 1343 310 1493 374
14 1343 310 1493 374
15 1335 311 1485 375
16 1336 310 1485 375
17 1330 311 1479 376
18 1330 311 1479 376
19 1322 311 1472 376
20 1322 311 1472 376
21 1316 311 1466 376
22 1314 312 1466 377
23 1300 312 1452 377
24 1299 312 1451 377
25 1302 313 1450 376
26 1303 313 1451 376
27 1295 313 1443 376
28 1295 315 1444 377
29 1287 316 1436 378
30 1287 316 1436 378
31 1281 316 1431 377
32 1281 316 1431 377
33 1274 318 1424 379
34 1274 317 1423 378
35 1261 318 1410 379
36 1260 318 1409 379
37 1259 318 1410 380
38 1259 318 1410 380
39 1251 319 1402 381
40 1254 318 1404 381
41 1247 318 1397 381
42 1247 318 1397 381
43 1239 318 1389 383
44 1239 318 1389 383
45 1233 318 1383 383
46 1230 319 1384 385
47 1217 320 1371 386
48 1217 320 1371 386
49 1223 321 1370 385
50 1224 321 1371 385
51 1217 321 1364 385
52 1208 318 1363 386
53 1202 317 1357 385
54 1202 317 1357 385
55 1196 321 1350 388
56 1196 321 1350 388
57 1189 322 1343 389
58 1191 323 1343 388
59 1175 325 1327 390
60 1176 324 1328 389
61 1179 322 1329 390
62 1179 322 1329 390
63 1173 323 1323 391
64 1169 322 1325 390
65 1163 323 1319 391
66 1163 323 1319 391
67 1163 322 1310 392
68 1163 322 1310 392
69 1157 323 1304 393
70 1152 322 1303 391
71 1140 323 1291 392
72 1140 323 1291 392
73 1135 322 1292 391
74 1135 322 1292 391
75 1128 321 1285 390
76 1130 324 1284 392
77 1122 325 1276 393
78 1122 325 1276 393
79 1122 325 1271 395
80 1122 325 1271 395
81 1116 324 1265 394
82 1116 326 1265 392
83 1102 326 1251 392
84 1103 326 1252 392
85 1096 325 1252 392
86 1095 325 1251 392
87 1089 326 1245 393
88 1095 326 1245 392
89 1089 325 1239 391
90 1089 325 1239 391
91 1078 328 1232 394
92 1078 328 1232 394
93 1073 328 1227 394
94 1067 328 1225 395
95 1054 328 1212 395
96 1053 328 1211 395
97 1053 328 1213 395
98 1053 328 1213 395
99 1048 328 1208 395
100 1047 328 1206 395
101 1040 328 1199 395
102 1039 328 1198 395
103 1032 329 1191 395
104 1033 329 1192 395
105 1025 329 1184 395
106 1026 329 1186 396
107 1012 329 1172 396
108 1012 329 1172 396
109 1014 330 1175 396
110 1014 330 1175 396
111 1007 330 1168 396
112 1007 330 1166 396
113 1001 331 1160 397
114 1001 331 1160 397
115 999 329 1155 396
116 999 328 1155 395
117 995 328 1151 395
118 995 331 1149 396
119 993 330 1147 395
120 993 331 1147 396
121 999 331 1135 396
122 999 331 1135 396
123 995 331 1131 396
124 982 330 1128 396
125 977 331 1123 397
126 976 330 1122 396
127 953 329 1118 396
128 953 329 1118 396
129 953 330 1118 397
130 948 330 1112 396
131 939 332 1103 398
132 938 331 1102 397
133 936 330 1100 395
134 936 330 1100 395
135 933 330 1097 395
136 928 330 1092 396
137 923 330 1087 396
138 923 330 1087 396
139 916 327 1080 394
140 917 327 1081 394
141 910 326 1074 393
142 910 328 1073 395
143 900 326 1063 393
144 899 327 1062 394
145 898 328 1061 395
146 898 328 1061 395
147 894 329 1057 396
148 891 329 1056 395
149 884 329 1049 395
150 884 329 1049 395
151 880 329 1045 393
152 880 328 1045 392
153 874 330 1039 394
154 874 328 1038 392
155 864 327 1028 391
156 863 327 1027 391
157 863 327 1027 390
158 863 327 1027 390
159 861 328 1025 391
160 855 328 1020 389
161 854 327 1019 388
162 855 328 1020 389
163 847 326 1009 387
164 847 325 1009 386
165 842 325 1004 386
166 842 325 1004 390
167 837 323 999 388
168 836 323 998 388
169 836 327 995 391
170 836 326 995 390
171 834 326 993 390
172 839 325 987 391
173 834 323 982 389
174 834 323 982 389
175 825 325 972 391
176 826 325 973 391
177 819 323 966 389
178 807 322 969 389
179 789 322 951 389
180 789 322 951 389
181 799 322 959 387
182 799 322 959 387
183 795 321 955 386
184 794 324 953 388
185 789 324 948 388
186 789 324 948 388
187 783 319 943 386
188 783 319 943 386
189 778 318 938 385
190 777 320 938 386
191 770 318 931 384
192 769 318 930 384
193 767 318 927 385
194 767 319 927 386
195 764 317 924 384
196 762 318 923 385
197 760 316 921 383
198 760 316 921 383
199 753 317 913 385
200 753 316 913 384
201 748 316 908 384
202 750 317 906 383
203 741 316 897 382
204 741 315 897 381
205 740 315 895 380
206 740 315 895 380
207 738 315 893 380
208 736 315 892 377
209 732 315 888 377
210 733 315 889 377
211 728 313 882 374
212 729 313 883 374
213 724 312 878 373
214 723 311 877 374
215 713 311 867 374
216 713 311 867 374
217 714 311 865 377
218 714 310 865 376
219 710 310 861 376
220 710 310 862 376
221 702 309 854 375
222 703 309 855 375
223 702 308 851 374
224 702 308 851 374
225 696 307 845 373
226 697 307 846 372
227 690 306 839 371
228 690 306 839 371
229 690 305 837 369
230 690 306 837 370
231 686 306 833 370
232 687 304 833 370
233 686 305 832 371
234 685 304 831 370
235 679 302 823 368
236 678 301 822 367
237 675 300 819 366
238 674 301 819 366
239 666 299 811 364
240 666 299 811 364
241 666 300 810 364
242 666 300 810 364
243 662 299 806 363
244 664 298 806 364
245 661 296 803 362
246 661 297 803 363
247 658 296 797 361
248 657 296 796 361
249 652 294 791 359
250 655 294 791 361
251 648 292 784 359
252 648 292 784 359
253 648 294 782 358
254 648 295 782 359
255 643 293 777 357
256 645 293 776 358
257 642 293 773 358
258 642 293 773 358
259 638 288 767 353
260 637 288 766 353
261 635 288 764 353
262 636 288 764 352
263 627 285 755 349
264 627 285 755 349
265 630 287 756 350
266 631 287 757 350
267 626 285 752 348
268 625 286 750 348
269 621 285 746 347
270 622 285 747 347
271 620 284 742 345
272 620 284 742 345
273 616 282 738 343
274 616 281 738 345
275 609 279 731 343
276 609 279 731 343
277 610 279 732 343
278 610 279 732 343
279 606 277 728 341
280 607 277 728 342
281 603 275 724 340
282 602 275 723 340
283 600 276 719 339
284 599 276 718 339
285 595 274 714 337
286 597 272 717 338
287 590 269 710 335
288 590 269 710 335
289 590 271 711 336
290 589 272 710 337
291 585 271 706 336
292 587 269 704 334
293 584 269 701 334
294 584 268 701 333
295 581 268 694 332
296 582 269 695 333
297 578 268 691 332
298 579 265 690 329
299 573 262 684 326
300 573 262 684 326
301 574 265 684 327
302 575 265 685 327
303 572 264 682 326
304 571 262 678 325
305 569 262 676 325
306 569 261 676 324
307 565 259 670 322
308 566 259 671 322
309 562 257 667 320
310 563 259 668 320
311 556 256 661 317
312 556 256 661 317
313 559 256 663 318
314 559 255 663 317
315 557 253 661 315
316 555 255 662 316
317 552 253 659 314
318 552 253 659 314
319 550 253 656 312
320 551 252 657 311
321 547 251 653 310
322 548 253 652 311
323 541 250 645 308
324 541 250 645 308
325 543 250 645 309
326 544 249 646 308
327 541 249 643 308
328 540 249 641 307
329 538 248 639 306
330 538 248 639 306
331 535 248 634 304
332 535 249 634 305
333 532 247 631 303
334 533 246 630 303
335 527 243 624 300
336 527 243 624 300
337 529 242 623 300
338 530 241 624 299
339 527 241 621 299
340 527 243 621 298
341 524 242 618 297
342 523 243 617 298
343 522 238 614 295
344 521 238 613 295
345 519 237 611 294
346 519 237 610 296
347 513 235 604 294
348 513 235 604 294
349 515 233 605 294
350 514 233 604 294
351 512 232 602 293
352 512 233 602 291
353 509 232 599 290
354 509 232 599 290
355 507 232 596 288
356 508 232 597 288
357 504 230 593 286
358 505 231 593 287
359 498 227 586 283
360 499 227 587 283
361 500 227 587 283
362 500 227 587 283
363 497 226 584 282
364 498 224 584 282
365 495 222 581 280
366 495 222 581 280
367 493 222 578 279
368 494 221 579 278
369 491 220 576 277
370 491 221 577 278
371 486 219 572 276
372 485 218 571 275
373 486 219 571 274
374 486 220 571 275
375 484 219 569 274
376 484 219 568 273
377 481 218 565 272
378 481 218 565 272
379 479 216 563 271
380 480 217 564 272
381 477 215 561 270
382 477 215 559 270
383 473 211 555 266
384 474 212 556 267
385 471 211 554 266
386 471 211 554 266
387 468 210 551 265
388 469 211 550 265
389 467 210 548 264
390 468 210 549 264
391 464 209 546 263
392 464 210 546 264
393 461 209 543 263
394 463 208 543 262
395 459 206 539 260
396 458 205 538 259
397 457 205 537 258
398 457 205 537 258
399 455 204 535 257
400 455 203 534 257
401 452 202 531 256
402 452 202 531 256
403 450 200 529 253
404 450 200 529 253
405 448 199 527 252
406 448 199 526 252
407 442 196 520 249
408 442 196 520 249
409 443 197 522 248
410 441 197 520 248
411 438 195 517 246
412 439 196 519 248
413 436 194 516 246
414 436 194 516 246
415 436 194 513 244
416 437 193 514 243
417 435 192 512 242
418 435 191 511 242
419 429 190 505 241
420 429 190 505 241
421 431 190 507 240
422 432 189 508 239
423 431 188 507 238
424 428 186 504 239
425 426 186 502 239
426 426 186 502 239
427 423 184 499 235
428 422 183 498 234
429 422 182 498 233
430 421 183 496 234
431 418 180 493 231
432 418 180 493 231
433 417 180 491 231
434 416 179 490 230
435 414 178 488 229
436 415 178 488 229
437 411 177 484 228
438 411 177 484 228
439 411 176 484 228
440 409 177 482 229
441 406 175 479 227
442 407 175 483 227
443 403 172 479 224
444 403 172 479 224
445 402 172 477 224
446 403 172 478 224
447 400 171 475 223
448 401 172 475 222
449 398 170 472 220
450 398 170 472 220
451 396 168 469 218
452 394 168 467 218
453 391 166 464 216
454 395 167 467 216
455 390 165 462 214
456 390 165 462 214
457 391 166 463 214
458 392 166 464 214
459 389 165 461 213
460 389 165 461 213
461 387 164 459 212
462 387 164 459 212
463 384 163 455 211
464 383 162 454 210
465 381 160 452 208
466 382 161 453 209
467 377 157 448 205
468 378 157 449 205
469 378 160 447 206
470 378 159 447 205
471 378 160 447 206
472 375 160 445 206
473 374 158 444 204
474 374 158 444 204
475 371 158 442 204
476 372 157 443 203
477 370 155 441 201
478 370 156 439 202
479 366 154 435 200
480 368 154 437 200
481 366 153 436 199
482 366 153 436 199
483 365 152 435 198
484 363 154 430 198
485 360 153 427 197
486 360 153 427 197
487 360 152 428 196
488 360 153 428 197
489 358 152 426 196
490 358 149 425 194
491 352 146 419 191
492 352 146 419 191
493 355 145 420 192
494 357 144 422 191
495 353 143 418 190
496 352 145 420 191
497 351 144 419 190
498 351 144 419 190
499 350 143 414 188
500 349 144 413 189
501 347 143 411 188
502 348 142 411 187
503 341 138 404 183
504 340 138 403 183
505 342 138 409 183
506 343 137 410 182
507 339 136 406 181
508 342 138 406 182
509 338 136 402 180
510 338 136 402 180
511 338 134 402 179
512 340 135 404 180
513 339 134 403 179
514 336 133 401 179
515 331 131 396 177
516 331 131 396 177
517 333 132 396 175
518 332 131 395 174
519 330 130 393 173
520 332 131 396 174
521 332 131 396 174
522 332 131 396 174
523 326 129 390 172
524 327 129 391 172
525 325 128 389 171
526 326 129 388 171
527 322 128 384 170
528 322 128 384 170
529 321 125 384 169
530 323 126 386 170
531 321 125 384 169
532 320 124 382 167
533 318 123 380 166
534 318 123 380 166
535 318 123 378 165
536 317 121 377 163
537 315 122 375 164
538 315 123 376 164
539 312 120 373 161
540 312 120 373 161
541 311 121 373 161
542 309 120 371 160
543 310 120 372 160
544 310 119 372 160
545 310 118 372 159
546 310 118 372 159
547 307 119 367 158
548 306 118 366 157
549 305 117 365 156
550 304 118 365 157
551 301 115 362 154
552 301 115 362 154
553 301 116 361 155
554 301 117 361 156
555 299 116 359 155
556 299 115 358 155
557 297 115 356 155
558 297 115 356 155
559 295 110 356 152
560 297 110 358 152
561 295 110 356 152
562 293 109 354 150
563 290 107 351 148
564 290 107 351 148
565 290 106 350 148
566 287 104 347 146
567 285 103 345 145
568 288 106 348 147
569 287 107 347 148
570 287 107 347 148
571 286 105 346 145
572 285 105 345 145
573 283 104 343 144
574 283 104 342 144
575 281 101 340 141
576 281 102 340 142
577 280 101 340 141
578 282 100 342 140
579 280 98 340 138
580 278 101 338 141
581 277 101 337 141
582 278 101 338 141
583 275 97 333 139
584 275 97 333 139
585 274 97 332 139
586 272 97 331 137
587 270 95 329 135
588 270 95 329 135
589 270 95 327 135
590 272 96 329 136
591 272 96 329 136
592 269 94 326 133
593 265 92 322 131
594 265 92 322 131
595 264 93 323 131
596 265 94 324 132
597 263 93 322 131
598 263 91 320 131
599 261 90 318 130
600 261 90 318 130
601 262 89 318 129
602 261 88 317 128
603 259 89 315 129
604 259 90 316 128
605 257 88 314 126
606 257 88 314 126
607 256 88 314 125
608 256 89 314 126
609 254 87 312 124
610 254 87 311 124
611 252 85 309 122
612 252 85 309 122
613 251 87 308 123
614 250 87 307 123
615 249 86 306 122
616 249 86 308 122
617 249 87 308 123
618 247 86 306 122
619 248 85 307 121
620 247 86 306 122
621 247 86 306 122
622 246 83 300 119
623 248 84 302 120
624 245 82 299 118
625 242 79 297 116
626 241 79 296 116
627 241 79 296 116
628 242 79 298 117
629 242 78 298 116
630 239 77 295 115
631 240 78 295 115
632 240 77 295 114
633 241 76 296 113
634 237 77 290 113
635 238 76 291 112
636 238 75 291 111
637 235 74 287 111
638 235 74 287 111
639 235 74 287 111
640 234 74 286 109
641 233 75 285 110
642 231 74 283 109
643 232 72 286 108
644 236 71 290 107
645 231 71 285 107
646 229 70 283 107
647 228 71 282 108
648 225 67 279 104
649 227 69 278 105
650 228 70 279 106
651 228 70 279 106
652 225 68 276 104
