885 -1 -1 -1 -1
0 930 591 162 113
1 930 591 1089 702
2 930 591 1089 702
3 930 591 1089 702
4 930 591 1089 703
5 930 590 1089 702
6 929 590 1088 702
7 930 591 1089 703
8 930 590 1089 702
9 930 590 1089 702
10 930 590 1089 702
11 930 590 1089 702
12 930 589 1089 701
13 930 590 1089 702
14 930 590 1089 702
15 930 590 1089 702
16 930 590 1089 702
17 929 590 1088 702
18 934 591 1093 703
19 930 590 1089 702
20 931 590 1090 702
21 930 590 1089 702
22 930 590 1089 702
23 931 590 1090 702
24 931 590 1090 702
25 930 590 1089 701
26 930 590 1089 701
27 930 590 1089 701
28 930 590 1089 701
29 930 590 1089 701
30 931 590 1090 701
31 930 590 1089 702
32 931 590 1090 702
33 930 590 1089 702
34 929 590 1088 702
35 929 590 1088 702
36 929 590 1088 702
37 929 590 1088 702
38 929 589 1088 701
39 929 589 1088 701
40 929 589 1088 701
41 929 589 1088 701
42 929 589 1088 701
43 929 589 1088 701
44 929 590 1088 702
45 929 589 1088 701
46 929 589 1088 701
47 929 589 1088 701
48 929 589 1088 701
49 929 590 1088 701
50 929 590 1088 701
51 929 590 1088 701
52 929 590 1088 701
53 929 590 1088 701
54 929 590 1088 701
55 929 589 1088 701
56 930 588 1089 700
57 930 588 1089 700
58 929 589 1088 701
59 929 589 1088 701
60 929 588 1088 700
61 929 589 1088 701
62 929 589 1088 701
63 929 589 1088 701
64 929 589 1088 701
65 929 590 1088 702
66 929 590 1088 702
67 928 589 1087 700
68 928 589 1087 700
69 927 588 1086 699
70 928 589 1087 701
71 928 589 1087 701
72 928 589 1087 701
73 928 589 1087 701
74 928 589 1087 701
75 929 589 1088 701
76 928 589 1087 701
77 929 588 1088 700
78 928 588 1087 700
79 928 587 1087 700
80 928 587 1087 700
81 928 587 1087 700
82 928 587 1087 700
83 928 587 1087 700
84 928 588 1087 701
85 928 587 1087 700
86 928 587 1087 700
87 928 587 1087 700
88 928 587 1087 700
89 928 587 1087 700
90 928 587 1087 700
91 928 587 1087 701
92 927 587 1086 701
93 927 587 1086 701
94 928 587 1087 701
95 929 587 1088 701
96 929 587 1088 701
97 928 586 1087 699
98 928 586 1087 699
99 928 586 1087 699
100 928 586 1087 700
101 928 586 1087 700
102 928 586 1087 700
103 928 586 1087 700
104 928 586 1087 700
105 928 586 1087 700
106 928 586 1087 699
107 928 586 1087 699
108 928 586 1087 699
109 928 586 1087 700
110 928 586 1087 700
111 928 586 1087 700
112 928 586 1087 700
113 928 586 1087 700
114 928 587 1087 701
115 928 587 1088 701
116 928 587 1088 701
117 928 587 1088 701
118 928 587 1088 701
119 928 587 1088 701
120 928 586 1088 700
121 928 587 1088 700
122 928 587 1088 700
123 928 587 1088 700
124 928 587 1088 700
125 928 587 1088 700
126 927 586 1087 699
127 928 587 1088 700
128 928 587 1088 700
129 928 587 1088 700
130 928 587 1088 700
131 928 587 1088 700
132 928 587 1088 700
133 928 587 1088 700
134 928 586 1088 699
135 928 586 1088 699
136 928 588 1088 700
137 928 588 1088 700
138 928 588 1088 700
139 928 588 1088 700
140 928 588 1088 700
141 928 588 1088 700
142 927 587 1087 699
143 927 587 1087 699
144 927 587 1087 699
145 928 587 1087 699
146 928 587 1087 699
147 928 587 1087 699
148 928 587 1088 699
149 928 587 1088 699
150 928 587 1088 699
151 928 587 1088 698
152 928 587 1088 698
153 928 587 1088 698
154 928 587 1088 698
155 928 587 1088 698
156 928 587 1088 698
157 928 587 1088 698
158 928 587 1088 698
159 928 587 1088 698
160 927 588 1086 699
161 927 588 1086 699
162 927 588 1086 699
163 927 588 1086 699
164 928 588 1087 699
165 928 588 1087 699
166 928 588 1086 699
167 928 588 1086 699
168 928 588 1086 699
169 928 588 1086 699
170 928 588 1086 699
171 928 588 1086 699
172 928 587 1086 698
173 929 587 1087 698
174 929 587 1087 698
175 928 588 1086 699
176 928 588 1086 699
177 928 588 1086 699
178 928 588 1086 699
179 928 588 1086 699
180 928 588 1086 699
181 928 588 1086 699
182 925 588 1083 699
183 925 588 1083 699
184 928 588 1086 699
185 928 588 1086 699
186 928 588 1086 699
187 928 588 1086 699
188 928 587 1086 698
189 928 587 1086 698
190 928 588 1086 699
191 929 588 1087 699
192 929 588 1087 699
193 927 588 1086 699
194 927 589 1086 700
195 927 589 1086 700
196 928 588 1086 699
197 928 588 1086 699
198 928 588 1086 699
199 928 588 1086 699
200 928 588 1086 699
201 928 588 1086 699
202 928 588 1086 699
203 927 588 1085 699
204 927 588 1085 699
205 928 588 1086 699
206 928 587 1086 698
207 928 587 1086 698
208 928 588 1086 699
209 928 588 1086 699
210 928 588 1086 699
211 928 587 1086 698
212 928 587 1086 698
213 928 587 1086 698
214 928 587 1086 698
215 929 587 1087 698
216 930 586 1088 697
217 927 587 1086 698
218 927 587 1086 698
219 927 587 1086 698
220 927 587 1086 698
221 927 587 1086 698
222 926 587 1085 698
223 927 588 1086 699
224 927 587 1086 698
225 927 588 1086 699
226 927 587 1086 698
227 927 587 1086 698
228 927 588 1086 699
229 926 587 1085 698
230 926 587 1085 698
231 926 587 1085 698
232 926 587 1085 698
233 926 587 1085 698
234 926 587 1085 698
235 926 587 1085 698
236 926 587 1085 698
237 926 587 1085 698
238 926 587 1085 698
239 925 587 1084 698
240 925 587 1084 698
241 927 587 1085 698
242 926 587 1084 698
243 928 587 1086 698
244 927 587 1085 698
245 927 587 1085 698
246 927 587 1085 698
247 927 587 1085 698
248 926 587 1084 698
249 926 587 1084 698
250 927 587 1085 698
251 926 588 1084 699
252 926 588 1084 699
253 927 587 1085 698
254 927 587 1085 698
255 927 587 1085 698
256 927 587 1085 698
257 927 586 1085 697
258 927 586 1085 697
259 927 587 1084 699
260 927 587 1084 699
261 926 587 1083 699
262 927 587 1084 698
263 927 587 1084 698
264 927 587 1084 698
265 927 587 1084 699
266 927 587 1084 699
267 927 587 1084 699
268 926 587 1083 698
269 926 587 1083 698
270 927 587 1084 698
271 926 587 1083 698
272 926 587 1083 698
273 926 587 1083 698
274 926 586 1083 697
275 926 586 1083 697
276 926 586 1083 697
277 926 586 1083 698
278 926 586 1083 698
279 926 586 1083 698
280 926 585 1082 698
281 925 583 1081 696
282 925 583 1081 696
283 926 586 1082 698
284 926 586 1082 698
285 926 586 1082 698
286 926 586 1082 697
287 925 585 1081 696
288 925 585 1081 696
289 925 586 1082 697
290 925 586 1082 697
291 925 586 1082 697
292 925 585 1082 696
293 925 585 1082 696
294 925 585 1082 696
295 924 585 1081 696
296 924 585 1081 696
297 924 585 1081 696
298 924 586 1081 696
299 924 586 1081 696
300 923 586 1080 696
301 924 586 1081 696
302 924 586 1081 696
303 924 586 1081 696
304 924 586 1080 696
305 924 586 1080 696
306 924 586 1080 696
307 924 586 1080 696
308 923 585 1079 695
309 923 585 1079 695
310 923 585 1080 695
311 923 585 1080 695
312 923 585 1080 695
313 922 585 1079 695
314 921 584 1078 694
315 921 584 1078 694
316 923 585 1079 695
317 923 585 1079 695
318 922 584 1078 694
319 921 585 1078 695
320 921 584 1078 694
321 921 584 1078 694
322 921 584 1078 693
323 920 584 1077 693
324 920 583 1077 692
325 920 584 1077 693
326 920 584 1077 693
327 920 584 1077 693
328 919 584 1076 693
329 919 584 1076 693
330 919 584 1076 693
331 920 585 1076 693
332 920 585 1076 693
333 920 585 1076 693
334 919 583 1075 692
335 919 581 1075 690
336 919 581 1075 690
337 919 583 1075 692
338 918 583 1074 692
339 918 583 1074 692
340 919 583 1075 691
341 919 583 1075 691
342 919 583 1075 691
343 918 583 1074 691
344 917 582 1073 690
345 917 582 1073 690
346 918 580 1074 689
347 918 580 1074 689
348 917 580 1073 689
349 917 580 1073 689
350 916 579 1072 688
351 917 579 1073 688
352 917 579 1073 688
353 917 579 1073 688
354 917 579 1073 688
355 916 579 1072 689
356 916 578 1072 688
357 916 578 1072 688
358 914 579 1073 688
359 914 579 1073 688
360 914 578 1073 687
361 914 577 1074 688
362 912 577 1072 688
363 912 577 1072 688
364 912 578 1069 688
365 912 578 1069 688
366 911 578 1068 688
367 912 577 1069 688
368 911 576 1068 687
369 911 576 1068 687
370 910 576 1067 685
371 910 576 1067 685
372 910 576 1067 685
373 910 576 1067 686
374 909 576 1066 686
375 909 576 1066 686
376 910 575 1065 684
377 910 575 1065 684
378 910 574 1065 683
379 910 574 1064 683
380 908 573 1062 682
381 908 573 1062 682
382 908 573 1061 681
383 909 573 1062 681
384 908 573 1061 681
385 908 573 1061 680
386 907 572 1060 679
387 907 572 1060 679
388 906 572 1060 679
389 905 571 1059 678
390 904 571 1058 678
391 905 572 1059 678
392 901 570 1055 676
393 901 570 1055 676
394 902 571 1057 677
395 903 571 1058 677
396 901 571 1056 677
397 902 570 1056 676
398 901 569 1055 675
399 901 569 1055 675
400 901 569 1055 676
401 901 569 1055 676
402 900 568 1054 675
403 900 568 1053 675
404 897 567 1050 674
405 897 566 1050 673
406 898 567 1051 674
407 898 567 1051 674
408 902 567 1055 674
409 898 567 1050 673
410 896 566 1048 672
411 896 566 1048 672
412 894 565 1047 670
413 894 565 1047 670
414 893 564 1046 669
415 894 564 1047 670
416 891 562 1044 668
417 891 562 1044 668
418 892 562 1044 668
419 892 562 1044 668
420 891 561 1043 667
421 891 560 1042 667
422 890 559 1041 666
423 890 559 1041 666
424 888 560 1039 665
425 888 560 1039 665
426 887 559 1038 664
427 887 558 1038 663
428 885 556 1036 661
429 885 556 1036 661
430 884 556 1035 662
431 883 556 1034 662
432 883 555 1034 661
433 883 556 1034 662
434 882 554 1033 660
435 882 555 1033 661
436 880 555 1031 659
437 879 555 1030 659
438 879 554 1030 658
439 879 554 1029 658
440 876 553 1026 657
441 876 553 1026 657
442 876 552 1026 656
443 876 552 1026 656
444 876 552 1026 656
445 873 551 1024 654
446 871 550 1022 653
447 871 550 1022 653
448 871 549 1021 652
449 871 549 1021 652
450 869 548 1019 651
451 868 547 1019 651
452 865 545 1016 649
453 865 545 1016 649
454 864 545 1015 649
455 865 544 1016 648
456 863 543 1014 647
457 863 543 1013 648
458 861 542 1011 647
459 861 542 1011 647
460 857 541 1008 645
461 857 540 1008 644
462 855 539 1006 643
463 855 540 1006 643
464 852 538 1003 641
465 852 538 1003 641
466 850 538 1002 639
467 851 538 1003 639
468 848 536 1000 637
469 846 538 999 640
470 844 537 997 639
471 844 537 997 639
472 841 535 994 637
473 841 535 994 637
474 839 534 992 636
475 838 533 992 634
476 834 530 988 631
477 834 530 988 631
478 832 530 987 631
479 832 530 987 631
480 830 528 985 629
481 829 529 984 629
482 826 527 981 627
483 826 527 981 627
484 823 525 979 626
485 823 525 979 626
486 819 523 975 624
487 819 524 975 625
488 813 521 969 622
489 813 521 969 622
490 812 522 970 621
491 811 522 969 621
492 808 519 966 618
493 808 522 966 620
494 806 521 964 619
495 806 521 964 619
496 800 519 960 617
497 800 519 960 617
498 797 518 957 616
499 796 516 956 615
500 789 513 949 612
501 789 513 949 612
502 787 514 949 611
503 787 513 949 610
504 783 512 945 609
505 783 513 945 609
506 779 512 941 608
507 779 513 941 609
508 778 512 941 608
509 776 511 939 607
510 771 510 934 606
511 770 508 934 606
512 762 505 926 603
513 762 505 926 603
514 761 506 927 603
515 761 506 927 603
516 757 504 923 601
517 755 505 922 601
518 750 503 917 599
519 750 503 917 599
520 746 501 913 599
521 746 501 913 599
522 741 500 908 598
523 741 499 908 596
524 731 496 898 593
525 731 496 898 593
526 731 498 900 594
527 730 497 899 593
528 727 497 896 593
529 726 497 896 591
530 722 496 892 590
531 722 496 892 590
532 715 493 886 588
533 716 493 887 588
534 711 492 882 587
535 710 493 881 587
536 699 491 870 585
537 699 491 870 585
538 699 490 871 585
539 699 490 871 585
540 694 489 866 584
541 693 489 867 583
542 688 489 862 583
543 688 489 862 583
544 683 488 856 580
545 683 486 856 578
546 679 485 852 577
547 677 486 851 579
548 667 484 841 577
549 667 484 841 577
550 666 484 840 576
551 666 484 840 576
552 661 482 835 574
553 659 483 835 575
554 653 482 829 574
555 653 482 829 574
556 647 480 823 572
557 646 480 822 572
558 641 478 817 570
559 640 479 817 570
560 627 478 804 569
561 627 478 804 569
562 628 477 805 568
563 628 477 805 568
564 623 476 800 567
565 622 476 800 567
566 616 475 794 566
567 616 475 794 566
568 608 475 787 565
569 607 475 786 565
570 602 474 781 564
571 603 474 781 563
572 591 473 769 562
573 592 473 770 562
574 590 473 769 561
575 590 472 769 560
576 585 471 764 559
577 583 472 762 560
578 577 470 756 558
579 576 470 755 558
580 569 469 749 557
581 570 470 750 558
582 563 469 743 557
583 561 467 742 556
584 548 464 729 553
585 548 464 729 553
586 546 465 729 553
587 546 465 729 553
588 539 463 722 551
589 539 466 722 552
590 533 463 716 549
591 532 464 715 550
592 525 464 708 550
593 525 464 708 550
594 525 464 708 550
595 517 463 701 549
596 516 463 700 549
597 501 462 685 548
598 503 462 687 548
599 502 461 686 547
600 502 461 686 547
601 495 461 679 547
602 495 462 679 548
603 488 461 672 547
604 487 460 673 546
605 477 458 663 544
606 477 457 663 543
607 470 458 657 544
608 470 458 657 544
609 456 456 643 542
610 455 458 643 542
611 455 458 643 542
612 456 458 644 542
613 447 457 635 541
614 447 457 635 541
615 441 456 629 540
616 438 456 627 539
617 430 455 619 538
618 430 455 619 538
619 428 454 611 537
620 428 454 611 537
621 413 451 596 534
622 419 453 596 536
623 419 454 596 537
624 419 454 596 537
625 397 452 586 536
626 397 452 586 536
627 393 452 582 536
628 388 452 579 535
629 386 451 577 534
630 385 451 576 534
631 370 450 563 533
632 370 450 563 533
633 362 447 555 530
634 352 451 545 533
635 352 451 545 533
636 352 451 545 533
637 343 450 536 532
638 343 450 536 532
639 337 449 530 531
640 336 450 528 532
641 331 450 523 532
642 331 450 523 532
643 317 450 509 529
644 317 450 509 529
645 314 449 506 528
646 298 450 493 528
647 297 450 492 528
648 297 450 492 528
649 289 449 484 529
650 289 449 484 529
651 281 450 476 530
652 279 449 474 529
653 274 448 469 528
654 273 448 468 528
655 259 448 458 529
656 260 449 459 530
657 244 450 443 531
658 239 448 436 529
659 239 449 436 530
660 240 449 437 530
661 230 449 414 528
662 230 449 414 528
663 220 448 404 527
664 220 450 411 530
665 211 449 402 529
666 211 450 402 530
667 200 449 400 529
668 200 449 400 529
669 180 450 380 530
670 179 449 380 529
671 179 449 380 529
672 179 449 380 529
673 169 449 371 529
674 170 449 372 529
675 160 450 362 530
676 159 449 361 529
677 149 449 351 529
678 150 449 352 529
679 138 448 341 529
680 137 448 340 529
681 117 448 320 529
682 116 449 321 530
683 116 449 321 530
684 116 449 321 530
685 105 449 311 531
686 105 449 311 531
687 95 449 301 531
688 94 450 301 532
689 85 451 292 533
690 85 451 292 533
691 73 450 281 532
692 74 449 282 531
693 52 450 260 532
694 51 452 260 533
695 53 451 262 532
696 53 451 262 532
697 39 451 250 535
698 39 450 250 534
699 29 451 240 535
700 28 452 239 536
701 18 453 229 537
702 17 453 228 537
703 4 452 218 537
704 5 451 219 536
705 0 449 214 534
706 0 453 196 538
707 1 453 197 538
708 1 453 197 538
709 0 453 185 538
710 2 453 187 538
711 0 453 185 538
712 0 453 174 538
713 0 448 174 533
714 0 448 174 533
715 0 454 152 534
716 1 454 153 534
717 14 451 166 531
718 0 454 130 535
719 1 454 131 535
720 1 454 131 535
721 0 456 118 536
722 1 455 119 535
723 0 458 118 538
724 0 456 106 535
725 0 455 106 534
726 1 455 107 534
727 0 457 83 537
728 1 457 84 537
729 1 480 84 560
730 0 459 59 539
731 1 459 60 539
732 0 459 59 539
733 0 458 48 540
734 2 459 50 541
735 1 441 49 523
736 0 459 36 537
737 0 454 36 532
738 1 454 37 532
739 0 452 36 530
740 1 452 37 530
741 9 451 45 529
742 9 451 45 529
743 9 452 45 530
744 8 451 44 529
745 8 451 44 529
746 7 451 43 529
747 21 451 57 529
748 22 449 58 527
749 10 451 46 529
750 22 449 58 527
751 40 447 76 525
752 46 448 82 526
753 47 446 83 524
754 51 444 87 522
755 70 442 106 520
756 47 446 83 524
757 70 442 106 520
758 70 442 106 520
759 70 442 106 520
760 70 442 106 520
761 70 442 106 520
762 70 442 106 520
763 70 442 106 520
764 70 442 106 520
765 70 442 106 520
766 70 442 106 520
767 70 442 106 520
768 70 443 106 521
769 70 442 106 520
770 70 443 106 521
771 70 443 106 521
772 72 442 108 520
773 70 443 106 521
774 70 443 106 521
775 70 443 106 521
776 70 443 106 521
777 70 443 106 521
778 70 443 106 521
779 70 443 106 521
780 70 443 106 521
781 70 443 106 521
782 70 443 106 521
783 70 443 106 521
784 70 443 106 521
785 70 443 106 521
786 70 443 106 521
787 70 443 106 521
788 70 443 106 521
789 70 443 106 521
790 70 443 106 521
791 70 443 106 521
792 70 443 106 521
793 70 443 106 521
794 70 443 106 521
795 70 443 106 521
796 70 443 106 521
797 70 442 106 520
798 70 443 106 521
799 70 443 106 521
800 70 443 106 521
801 70 443 106 521
802 70 443 106 521
803 70 443 106 521
804 70 443 106 521
805 70 443 106 521
806 70 443 106 521
807 70 443 106 521
808 70 443 106 521
809 70 443 106 521
810 71 443 107 521
811 71 443 107 521
812 71 443 107 521
813 71 443 107 521
814 71 443 107 521
815 71 443 107 521
816 71 443 107 521
817 71 443 107 521
818 71 443 107 521
819 71 443 107 521
820 71 443 107 521
821 71 443 107 521
822 71 443 107 521
823 71 443 107 521
824 71 443 107 521
825 71 443 107 521
826 71 443 107 521
827 71 443 107 521
828 71 443 107 521
829 71 443 107 521
830 71 443 107 521
831 71 443 107 521
832 71 443 107 521
833 71 443 107 521
834 71 443 107 521
835 71 443 107 521
836 71 443 107 521
837 71 443 107 521
838 71 443 107 521
839 71 443 107 521
840 71 443 107 521
841 71 443 107 521
842 71 443 107 521
843 71 443 107 521
844 71 443 107 521
845 71 443 107 521
846 71 443 107 521
847 71 443 107 521
848 71 443 107 521
849 67 438 103 516
850 67 439 103 517
851 67 439 103 517
852 70 441 106 519
853 66 439 102 517
854 67 440 103 518
855 68 440 104 518
856 67 440 103 518
857 66 441 102 519
858 67 441 103 519
859 69 439 105 517
860 69 440 105 518
861 73 439 109 517
862 72 440 108 518
863 71 440 107 518
864 71 440 107 518
865 69 440 105 518
866 59 443 95 521
867 69 440 105 518
868 47 442 83 520
869 35 442 71 520
870 35 443 71 521
871 23 444 59 522
872 23 442 59 520
873 0 448 36 526
874 0 448 36 526
875 0 449 36 527
876 0 449 36 527
877 24 445 60 523
878 25 446 61 524
879 46 441 82 519
880 60 437 96 515
881 60 440 96 518
882 60 437 96 515
883 59 437 95 515
884 60 437 96 515
