935 -1 -1 -1 -1
0 258 305 89 89
1 258 306 345 386
2 258 306 345 386
3 258 306 345 386
4 258 306 345 386
5 258 306 345 386
6 258 306 345 386
7 259 306 346 386
8 259 306 346 386
9 258 306 345 386
10 259 306 346 386
11 258 305 345 385
12 258 306 345 386
13 258 306 345 386
14 258 306 345 386
15 258 306 345 386
16 258 306 345 386
17 258 305 345 385
18 258 305 345 385
19 258 306 345 386
20 258 306 345 386
21 258 306 345 386
22 259 306 346 386
23 259 306 346 386
24 259 306 346 386
25 258 306 345 386
26 258 306 345 386
27 258 306 345 386
28 258 306 345 386
29 257 306 344 386
30 257 306 344 386
31 258 306 345 386
32 259 306 346 386
33 259 306 346 386
34 258 306 345 386
35 258 306 345 386
36 257 306 344 386
37 258 306 345 386
38 258 306 345 386
39 258 306 345 386
40 258 306 345 386
41 257 305 344 385
42 257 305 344 385
43 258 306 345 386
44 258 305 345 385
45 258 305 345 385
46 258 306 345 386
47 258 306 345 386
48 258 306 345 386
49 259 306 346 385
50 259 307 346 386
51 259 307 346 386
52 259 306 346 386
53 259 306 346 386
54 259 306 346 386
55 259 306 346 386
56 260 306 347 386
57 260 306 347 386
58 259 307 346 387
59 259 306 346 386
60 260 306 347 386
61 259 306 346 386
62 259 306 346 386
63 259 306 346 386
64 258 306 345 386
65 258 306 345 386
66 258 306 345 386
67 258 306 345 386
68 259 306 346 386
69 258 306 345 386
70 260 306 346 386
71 259 307 345 387
72 259 307 345 387
73 260 306 346 386
74 261 307 347 387
75 261 307 347 387
76 259 306 346 386
77 259 306 346 386
78 259 306 346 386
79 258 306 345 386
80 258 306 345 386
81 258 306 345 386
82 258 306 345 386
83 259 307 346 387
84 259 306 346 386
85 258 306 345 386
86 260 306 347 386
87 260 306 347 386
88 258 306 345 386
89 258 306 345 386
90 258 306 345 386
91 258 306 345 385
92 257 305 344 384
93 257 305 344 384
94 258 306 345 385
95 256 306 343 385
96 256 306 343 385
97 258 306 345 385
98 258 305 345 384
99 258 306 345 385
100 258 306 346 385
101 258 307 346 386
102 258 307 346 386
103 258 306 346 385
104 257 305 345 384
105 257 305 345 384
106 258 306 345 385
107 258 306 345 385
108 258 306 345 385
109 258 306 345 385
110 259 306 346 385
111 259 306 346 385
112 258 306 345 385
113 258 306 345 385
114 258 306 345 385
115 258 306 345 385
116 257 307 344 386
117 257 307 344 386
118 258 307 345 386
119 258 307 345 386
120 258 307 345 386
121 259 307 345 386
122 259 307 345 386
123 259 307 345 386
124 258 307 345 387
125 258 307 345 387
126 258 307 345 387
127 258 307 345 386
128 258 307 345 386
129 258 307 345 386
130 258 307 345 386
131 258 308 345 387
132 258 308 345 387
133 258 307 345 387
134 258 307 345 387
135 258 307 345 387
136 258 307 345 387
137 258 307 345 387
138 258 307 345 387
139 258 307 345 386
140 257 307 344 386
141 257 307 344 386
142 258 307 345 386
143 258 307 345 386
144 258 307 345 386
145 258 307 345 386
146 257 307 344 386
147 257 307 344 386
148 259 307 345 386
149 258 307 344 386
150 258 307 344 386
151 259 307 345 386
152 259 307 345 386
153 259 307 345 386
154 259 307 345 386
155 259 307 345 386
156 259 307 345 386
157 258 307 345 386
158 257 307 344 386
159 257 306 344 385
160 259 307 346 386
161 259 307 346 386
162 259 307 346 386
163 258 307 345 386
164 258 307 345 386
165 258 307 345 386
166 258 307 345 386
167 258 307 345 386
168 258 307 345 386
169 259 307 346 387
170 258 308 345 388
171 258 307 345 387
172 259 307 346 387
173 259 307 346 387
174 259 307 346 387
175 258 307 345 386
176 258 307 345 386
177 257 307 344 386
178 257 307 344 386
179 257 307 344 386
180 257 307 344 386
181 258 307 345 386
182 257 307 344 386
183 258 307 345 386
184 259 307 346 386
185 260 307 347 386
186 260 308 347 387
187 259 307 346 387
188 259 307 346 387
189 258 307 345 387
190 258 307 345 386
191 258 307 345 386
192 258 307 345 386
193 257 307 344 387
194 257 307 344 387
195 257 307 344 387
196 258 307 346 387
197 257 307 345 387
198 257 307 345 387
199 259 307 346 387
200 260 307 347 387
201 260 307 347 387
202 259 307 346 387
203 258 307 345 387
204 258 307 345 387
205 258 307 346 387
206 259 307 347 387
207 258 307 346 387
208 258 307 346 387
209 260 307 348 387
210 260 307 348 387
211 259 307 346 387
212 259 307 346 387
213 259 307 346 387
214 259 307 346 387
215 260 308 347 388
216 260 308 347 388
217 258 307 345 387
218 258 308 345 388
219 258 308 345 388
220 258 307 345 387
221 257 308 344 388
222 257 308 344 388
223 259 307 346 387
224 259 307 346 387
225 259 307 346 387
226 259 307 346 387
227 259 307 346 387
228 259 307 346 387
229 259 307 346 387
230 262 307 349 387
231 262 307 349 387
232 259 308 346 388
233 261 309 348 389
234 261 309 348 389
235 259 308 347 387
236 259 309 347 388
237 259 309 347 388
238 259 308 346 387
239 260 308 347 387
240 260 307 347 386
241 260 308 347 388
242 260 308 347 388
243 259 308 346 388
244 259 308 346 388
245 259 308 346 388
246 259 308 346 388
247 260 308 348 388
248 260 308 348 388
249 260 308 348 388
250 260 308 348 388
251 260 309 348 389
252 260 309 348 389
253 260 309 348 389
254 259 309 347 389
255 259 309 347 389
256 260 309 348 388
257 260 309 348 388
258 260 309 348 388
259 260 309 348 388
260 261 309 349 388
261 261 309 349 388
262 261 309 349 388
263 261 309 349 388
264 261 309 349 388
265 261 309 349 389
266 262 309 350 389
267 262 309 350 389
268 261 309 348 388
269 261 310 348 389
270 261 310 348 389
271 260 310 349 390
272 262 310 351 390
273 262 310 351 390
274 260 310 349 390
275 261 310 350 390
276 261 310 350 390
277 262 309 350 390
278 262 309 350 390
279 262 309 350 390
280 262 309 350 390
281 262 310 350 391
282 262 310 350 391
283 263 311 351 391
284 263 312 351 392
285 264 312 352 392
286 263 311 351 391
287 263 312 351 392
288 263 312 351 392
289 263 311 351 392
290 263 312 351 393
291 263 312 351 393
292 264 311 352 392
293 265 311 353 392
294 265 311 353 392
295 263 311 352 392
296 262 311 351 392
297 263 311 352 392
298 264 311 353 392
299 264 311 353 392
300 264 311 353 392
301 264 312 353 393
302 264 312 353 393
303 264 312 353 393
304 264 312 353 393
305 266 313 355 394
306 266 313 355 394
307 266 314 355 394
308 266 315 355 395
309 267 315 356 395
310 266 315 355 395
311 267 315 356 395
312 267 315 356 395
313 267 316 356 396
314 267 315 356 395
315 268 315 357 395
316 267 317 356 397
317 267 319 356 399
318 267 319 356 399
319 267 316 356 397
320 267 316 356 397
321 267 317 356 398
322 267 317 357 398
323 266 316 356 397
324 266 316 356 397
325 269 319 359 399
326 269 319 359 399
327 270 319 360 399
328 270 318 360 399
329 271 319 361 400
330 271 319 361 400
331 271 320 361 400
332 273 321 363 401
333 273 321 363 401
334 271 319 361 400
335 269 317 359 398
336 269 317 359 398
337 271 321 362 402
338 272 321 363 402
339 272 321 363 402
340 272 321 363 403
341 273 322 364 404
342 273 322 364 404
343 274 322 365 404
344 273 322 364 404
345 274 322 365 404
346 275 323 366 405
347 277 324 368 406
348 277 324 368 406
349 275 324 366 408
350 274 324 365 408
351 274 324 365 408
352 276 325 368 409
353 278 326 370 410
354 278 326 370 410
355 279 326 371 409
356 278 326 370 409
357 279 327 371 410
358 279 327 371 410
359 278 327 370 410
360 278 328 370 411
361 279 328 372 411
362 279 328 372 411
363 279 329 372 412
364 279 329 372 412
365 279 330 372 413
366 279 330 372 413
367 281 331 374 413
368 281 331 374 413
369 283 332 376 414
370 283 332 376 416
371 283 332 376 416
372 283 332 376 416
373 285 334 378 417
374 285 334 378 417
375 285 335 378 418
376 286 335 378 419
377 287 336 379 420
378 287 336 379 420
379 286 335 379 420
380 286 335 379 420
381 287 336 380 421
382 288 337 382 422
383 289 337 383 422
384 289 337 383 422
385 291 338 385 424
386 291 337 385 423
387 292 338 386 424
388 290 339 385 425
389 290 340 385 426
390 290 340 385 426
391 291 341 386 427
392 291 341 386 427
393 292 342 387 428
394 292 342 387 428
395 291 342 386 428
396 291 342 386 428
397 295 344 391 430
398 296 345 392 431
399 297 346 393 432
400 297 344 393 431
401 298 346 394 433
402 298 346 394 433
403 297 347 394 434
404 296 347 393 434
405 297 348 394 435
406 299 348 395 435
407 299 348 395 435
408 299 348 395 435
409 301 350 398 437
410 302 349 399 436
411 302 351 399 438
412 304 351 400 438
413 305 352 401 439
414 305 352 401 439
415 305 354 402 442
416 305 354 402 442
417 305 355 402 443
418 306 354 403 443
419 306 354 403 443
420 306 354 403 443
421 306 354 403 443
422 308 356 405 445
423 310 357 407 446
424 310 358 408 447
425 312 359 410 448
426 311 359 409 448
427 313 361 408 450
428 313 361 408 450
429 314 362 409 451
430 313 362 408 452
431 313 362 408 452
432 313 362 408 452
433 316 366 408 456
434 316 366 408 456
435 317 368 409 458
436 317 367 408 457
437 319 368 410 458
438 319 368 410 458
439 319 368 408 459
440 319 368 408 459
441 321 369 410 460
442 321 370 409 462
443 320 370 408 462
444 320 370 408 462
445 324 372 408 464
446 323 373 407 465
447 325 375 409 467
448 326 374 410 466
449 327 375 411 467
450 327 375 411 467
451 328 376 431 472
452 328 376 431 472
453 330 377 433 473
454 332 379 434 473
455 333 379 435 473
456 333 379 435 473
457 333 382 436 476
458 333 382 436 476
459 333 384 436 478
460 335 382 438 477
461 335 384 438 479
462 335 384 438 479
463 340 386 444 482
464 340 386 444 482
465 342 388 446 484
466 341 388 446 483
467 342 387 447 482
468 342 387 447 482
469 344 391 450 488
470 344 391 450 488
471 345 392 451 489
472 345 392 451 490
473 345 394 451 492
474 346 394 452 492
475 348 398 455 494
476 348 398 455 494
477 350 400 457 496
478 351 399 459 496
479 352 399 460 496
480 352 399 460 496
481 355 403 462 500
482 356 403 463 500
483 356 405 463 502
484 355 405 464 502
485 355 407 464 504
486 355 407 464 504
487 359 409 468 506
488 358 410 467 507
489 361 413 470 510
490 362 411 471 509
491 361 411 470 509
492 361 411 470 509
493 366 413 478 517
494 365 413 477 517
495 368 415 480 519
496 368 416 480 517
497 370 418 482 519
498 369 418 481 519
499 372 420 484 519
500 371 420 483 519
501 373 422 485 521
502 373 421 486 519
503 373 421 486 519
504 373 421 486 519
505 379 424 493 527
506 379 424 493 527
507 381 426 495 529
508 381 426 496 529
509 382 428 497 531
510 382 428 497 531
511 385 432 501 535
512 385 432 501 535
513 387 434 503 537
514 388 434 504 537
515 388 434 504 537
516 388 434 504 537
517 393 439 511 543
518 393 439 511 543
519 395 441 513 545
520 396 441 514 546
521 397 442 515 547
522 397 442 515 547
523 404 446 520 553
524 404 446 520 553
525 405 449 521 556
526 405 448 523 555
527 404 448 522 555
528 404 448 522 555
529 423 453 529 563
530 423 452 529 562
531 426 455 532 565
532 423 456 532 567
533 425 459 534 570
534 426 458 535 569
535 423 461 540 573
536 423 461 540 573
537 428 462 545 574
538 423 463 542 576
539 423 462 542 575
540 423 462 542 575
541 425 469 548 583
542 425 469 548 583
543 429 471 552 585
544 427 472 552 586
545 431 475 556 589
546 431 475 556 589
547 435 476 561 593
548 435 476 561 593
549 436 478 562 595
550 438 479 565 596
551 438 480 565 597
552 438 480 565 597
553 438 486 572 603
554 437 487 571 604
555 440 489 574 606
556 449 489 575 607
557 453 492 579 610
558 453 492 579 610
559 457 496 584 618
560 457 496 584 618
561 461 500 588 622
562 458 499 589 626
563 458 499 589 626
564 458 499 589 626
565 463 506 596 632
566 464 506 597 632
567 466 509 599 635
568 466 509 600 636
569 468 512 602 639
570 469 512 603 639
571 471 517 608 645
572 471 517 608 645
573 475 521 612 649
574 470 520 613 650
575 470 520 613 650
576 470 520 613 650
577 480 527 623 658
578 480 527 623 658
579 483 531 626 662
580 482 531 628 665
581 487 535 633 669
582 486 535 632 669
583 495 538 637 675
584 495 537 637 674
585 499 541 641 678
586 498 542 641 680
587 497 542 640 680
588 497 542 640 680
589 507 550 652 689
590 506 550 651 689
591 510 555 655 694
592 512 553 657 694
593 517 557 662 698
594 517 557 662 698
595 520 562 668 708
596 520 562 668 708
597 526 567 674 713
598 523 566 673 712
599 522 565 672 711
600 522 565 672 711
601 532 576 685 722
602 532 576 685 722
603 537 580 690 726
604 538 580 690 727
605 542 585 694 732
606 543 585 695 732
607 546 589 702 740
608 546 589 702 740
609 551 594 707 745
610 551 594 707 746
611 551 594 707 746
612 551 594 707 746
613 561 603 720 757
614 561 603 720 757
615 567 608 726 762
616 566 608 726 764
617 571 613 731 769
618 571 613 731 769
619 577 618 739 776
620 577 618 739 776
621 581 624 743 782
622 581 623 745 783
623 581 623 745 783
624 581 623 745 783
625 592 633 758 796
626 592 633 758 796
627 598 637 764 800
628 598 639 766 803
629 605 645 773 809
630 605 645 773 809
631 609 650 779 816
632 609 650 779 816
633 615 656 785 822
634 613 655 786 825
635 614 655 787 825
636 614 655 787 825
637 625 661 801 839
638 625 661 801 839
639 632 668 808 846
640 630 665 808 846
641 637 672 815 853
642 637 672 815 853
643 644 684 825 861
644 644 684 825 861
645 652 692 833 869
646 650 691 833 871
647 650 691 833 871
648 650 691 833 871
649 663 704 849 878
650 663 704 849 878
651 668 705 854 879
652 669 711 856 879
653 675 711 862 879
654 677 711 864 879
655 681 722 875 879
656 681 721 875 878
657 689 722 883 879
658 688 729 883 878
659 688 729 883 878
660 688 729 883 878
661 705 743 900 878
662 705 742 900 877
663 710 744 905 879
664 712 751 908 878
665 722 752 918 879
666 721 752 917 879
667 727 765 913 878
668 727 765 913 878
669 736 766 922 879
670 735 773 918 879
671 735 772 918 878
672 735 772 918 878
673 751 789 945 879
674 751 788 945 878
675 756 789 950 879
676 760 791 946 878
677 763 792 949 879
678 763 792 949 879
679 769 792 955 879
680 768 792 954 879
681 772 792 958 879
682 773 792 959 879
683 772 792 958 879
684 773 792 959 879
685 782 792 968 879
686 782 792 968 879
687 781 792 967 879
688 784 792 970 879
689 779 790 965 877
690 781 792 967 879
691 782 792 968 879
692 787 792 973 879
693 771 786 957 873
694 774 787 960 874
695 773 787 959 874
696 773 787 959 874
697 785 783 971 870
698 784 782 970 869
699 792 790 978 877
700 792 790 978 877
701 789 792 975 879
702 786 790 972 877
703 787 791 973 878
704 789 792 975 879
705 787 788 973 875
706 785 789 971 876
707 792 792 978 879
708 790 792 976 879
709 792 791 978 878
710 793 792 979 879
711 794 792 980 879
712 794 792 980 879
713 795 792 981 879
714 795 792 981 879
715 872 686 1053 830
716 872 686 1053 830
717 879 693 1060 837
718 880 693 1064 839
719 880 693 1064 839
720 880 693 1064 839
721 900 706 1086 856
722 900 706 1086 856
723 911 715 1097 865
724 909 714 1099 865
725 921 723 1111 874
726 921 723 1111 874
727 929 730 1123 878
728 930 730 1124 878
729 932 731 1126 879
730 941 737 1135 879
731 941 736 1135 878
732 941 736 1135 878
733 959 751 1159 878
734 959 750 1159 877
735 965 752 1165 879
736 971 761 1175 878
737 986 762 1190 879
738 986 762 1190 879
739 994 779 1192 879
740 994 778 1192 878
741 993 779 1191 879
742 1005 789 1197 879
743 1005 788 1197 878
744 1005 788 1197 878
745 1027 807 1210 879
746 1027 806 1210 878
747 1005 807 1188 879
748 1038 816 1211 879
749 1026 797 1199 860
750 1024 798 1197 861
751 1065 837 1220 879
752 1065 837 1220 879
753 1070 816 1225 858
754 1080 849 1219 879
755 1079 848 1218 878
756 1079 848 1218 878
757 1081 833 1220 863
758 1083 834 1222 864
759 1084 833 1223 863
760 1084 833 1223 863
761 1083 834 1222 864
762 1085 835 1224 865
763 1084 833 1223 863
764 1083 834 1222 864
765 1083 834 1222 864
766 1083 834 1222 864
767 1084 835 1223 865
768 1084 833 1223 863
769 1083 833 1222 863
770 1083 835 1222 865
771 1083 834 1222 864
772 1083 834 1222 864
773 1082 835 1221 865
774 1083 834 1222 864
775 1083 833 1222 863
776 1082 834 1221 864
777 1082 834 1221 864
778 1083 834 1222 864
779 1083 833 1222 863
780 1082 834 1221 864
781 1084 834 1223 864
782 1085 834 1224 864
783 1083 833 1222 863
784 1083 834 1222 864
785 1084 834 1223 864
786 1083 833 1222 863
787 1082 834 1221 864
788 1081 833 1220 863
789 1084 835 1223 865
790 1083 834 1222 864
791 1083 834 1222 864
792 1083 834 1222 864
793 1082 833 1221 863
794 1084 834 1223 864
795 1083 834 1222 864
796 1082 833 1221 863
797 1084 833 1223 863
798 1083 835 1222 865
799 1084 835 1223 865
800 1084 833 1223 863
801 1084 835 1223 865
802 1083 834 1222 864
803 1084 835 1223 865
804 1083 834 1222 864
805 1083 834 1222 864
806 1084 835 1223 865
807 1085 835 1224 865
808 1084 835 1223 865
809 1084 835 1223 865
810 1084 835 1223 865
811 1084 835 1223 865
812 1083 833 1222 863
813 1083 835 1222 865
814 1084 835 1223 865
815 1083 835 1222 865
816 1084 833 1223 863
817 1083 835 1222 865
818 1084 834 1223 864
819 1083 834 1222 864
820 1083 834 1222 864
821 1083 834 1222 864
822 1083 834 1222 864
823 1083 834 1222 864
824 1083 834 1222 864
825 1083 834 1222 864
826 1083 834 1222 864
827 1083 834 1222 864
828 1083 834 1222 864
829 1083 834 1222 864
830 1083 834 1222 864
831 1083 834 1222 864
832 1083 834 1222 864
833 1083 832 1222 862
834 1083 833 1222 863
835 1084 834 1223 864
836 1083 833 1222 863
837 1084 834 1223 864
838 1084 834 1223 864
839 1083 833 1222 863
840 1083 833 1222 863
841 1083 833 1222 863
842 1083 835 1222 865
843 1084 835 1223 865
844 1085 835 1224 865
845 1084 834 1223 864
846 1083 833 1222 863
847 1084 834 1223 864
848 1084 834 1223 864
849 1085 835 1224 865
850 1083 835 1222 865
851 1084 834 1223 864
852 1083 833 1222 863
853 1085 835 1224 865
854 1084 834 1223 864
855 1084 834 1223 864
856 1084 834 1223 864
857 1084 834 1223 864
858 1084 834 1223 864
859 1085 834 1224 864
860 1084 834 1223 864
861 1085 834 1224 864
862 1084 834 1223 864
863 1085 835 1224 865
864 1083 833 1222 863
865 1084 834 1223 864
866 1083 833 1222 863
867 1084 833 1223 863
868 1085 835 1224 865
869 1084 834 1223 864
870 1083 834 1222 864
871 1085 836 1224 866
872 1084 835 1223 865
873 1083 834 1222 864
874 1083 834 1222 864
875 1084 834 1223 864
876 1084 834 1223 864
877 1085 836 1224 866
878 1084 835 1223 865
879 1089 834 1228 864
880 1088 835 1227 865
881 1087 834 1226 864
882 1086 834 1225 864
883 1085 833 1224 863
884 1084 834 1223 864
885 1086 837 1225 867
886 1087 837 1226 867
887 1087 836 1226 866
888 1086 836 1225 866
889 1082 830 1221 860
890 1083 831 1222 861
891 1085 837 1224 867
892 1086 837 1225 867
893 1087 835 1226 865
894 1087 835 1226 865
895 983 784 1177 878
896 983 784 1177 878
897 987 785 1181 879
898 993 793 1191 879
899 993 792 1191 878
900 993 792 1191 878
901 1017 813 1184 879
902 1016 812 1183 878
903 1019 813 1186 879
904 1031 822 1192 879
905 1034 822 1195 879
906 1034 822 1195 879
907 1066 844 1198 879
908 1066 843 1198 878
909 1055 822 1187 857
910 1056 821 1188 856
911 1053 820 1185 855
912 1050 818 1182 853
913 1048 817 1180 852
914 1050 816 1182 851
915 1044 814 1176 849
916 1043 813 1175 848
917 1045 814 1177 849
918 1049 817 1181 852
919 1044 814 1176 849
920 1044 814 1176 849
921 1045 814 1177 849
922 1047 813 1179 848
923 1045 814 1177 849
924 1045 814 1177 849
925 1045 814 1177 849
926 1043 814 1175 849
927 1046 814 1178 849
928 1045 814 1177 849
929 1046 814 1178 849
930 1039 807 1171 842
931 1046 814 1178 849
932 1046 814 1178 849
933 1043 814 1175 849
934 1045 815 1177 850
