1056 -1 -1 -1 -1
0 1601 335 154 66
1 1604 336 1752 399
2 1601 335 1755 401
3 1604 336 1752 399
4 1602 336 1753 401
5 1605 337 1750 399
6 1605 337 1750 399
7 1602 336 1753 401
8 1605 337 1750 399
9 1602 336 1753 401
10 1604 337 1749 399
11 1601 336 1752 401
12 1605 337 1750 399
13 1602 336 1753 401
14 1605 337 1750 399
15 1602 336 1753 401
16 1604 337 1749 399
17 1602 336 1753 401
18 1602 336 1753 401
19 1605 336 1750 398
20 1602 336 1753 401
21 1605 336 1750 398
22 1605 337 1750 399
23 1602 336 1753 401
24 1604 337 1749 399
25 1601 336 1752 401
26 1605 337 1750 399
27 1602 336 1753 401
28 1602 336 1753 401
29 1605 336 1750 398
30 1602 336 1753 401
31 1605 337 1750 399
32 1602 336 1753 401
33 1605 337 1750 399
34 1602 336 1753 401
35 1605 337 1750 399
36 1602 336 1753 401
37 1605 337 1750 399
38 1602 336 1753 401
39 1602 336 1753 401
40 1605 337 1750 399
41 1602 336 1753 401
42 1605 337 1750 399
43 1602 336 1753 401
44 1604 337 1749 399
45 1602 336 1753 401
46 1604 337 1749 399
47 1602 336 1753 401
48 1602 336 1753 401
49 1604 336 1749 398
50 1602 336 1753 401
51 1604 337 1749 399
52 1601 336 1752 401
53 1605 337 1750 399
54 1602 336 1753 401
55 1605 337 1750 399
56 1602 336 1753 401
57 1604 337 1749 399
58 1602 336 1753 401
59 1602 336 1753 401
60 1604 337 1749 399
61 1601 336 1752 401
62 1605 337 1750 399
63 1602 336 1753 401
64 1605 337 1750 399
65 1602 336 1753 401
66 1602 336 1753 401
67 1604 337 1749 399
68 1602 336 1753 401
69 1605 337 1750 399
70 1602 336 1753 401
71 1602 336 1753 401
72 1605 337 1750 399
73 1602 336 1753 401
74 1602 336 1753 401
75 1604 337 1749 399
76 1602 336 1753 401
77 1605 337 1750 399
78 1602 336 1753 401
79 1602 336 1753 401
80 1605 337 1750 399
81 1602 336 1753 401
82 1602 336 1753 401
83 1605 337 1750 399
84 1602 336 1753 401
85 1602 336 1753 401
86 1605 337 1750 399
87 1602 336 1753 401
88 1602 336 1753 401
89 1605 337 1750 399
90 1602 336 1753 401
91 1602 336 1753 401
92 1605 337 1750 399
93 1602 336 1753 401
94 1602 336 1753 401
95 1605 337 1750 399
96 1603 336 1754 401
97 1602 336 1753 401
98 1605 337 1750 399
99 1602 336 1753 401
100 1604 336 1752 399
101 1602 336 1753 401
102 1602 336 1753 401
103 1602 336 1753 401
104 1605 337 1750 399
105 1603 336 1754 401
106 1602 336 1753 401
107 1605 337 1750 399
108 1602 336 1753 401
109 1602 336 1753 401
110 1605 337 1750 399
111 1602 336 1753 401
112 1602 336 1753 401
113 1602 336 1753 401
114 1605 337 1750 399
115 1603 336 1754 401
116 1602 336 1753 401
117 1602 336 1753 401
118 1605 337 1750 399
119 1603 336 1754 401
120 1602 336 1753 401
121 1602 336 1753 401
122 1602 336 1753 401
123 1603 336 1754 401
124 1605 337 1750 399
125 1602 336 1753 401
126 1602 336 1753 401
127 1603 336 1754 401
128 1602 336 1753 401
129 1602 336 1753 401
130 1605 337 1750 399
131 1602 336 1753 401
132 1602 336 1753 401
133 1602 336 1753 401
134 1602 336 1753 401
135 1604 337 1749 399
136 1602 336 1753 401
137 1602 336 1753 401
138 1601 336 1752 401
139 1602 336 1753 401
140 1601 336 1752 401
141 1602 336 1753 401
142 1601 336 1752 401
143 1601 336 1752 401
144 1604 337 1749 399
145 1601 336 1752 401
146 1601 336 1752 401
147 1601 336 1752 401
148 1601 336 1752 401
149 1601 336 1752 401
150 1601 336 1752 401
151 1600 337 1751 402
152 1600 337 1751 402
153 1600 337 1751 402
154 1601 337 1752 402
155 1597 335 1754 402
156 1596 335 1756 404
157 1596 335 1756 404
158 1596 335 1756 404
159 1596 335 1756 404
160 1596 335 1756 404
161 1594 335 1757 405
162 1596 335 1756 404
163 1596 336 1756 405
164 1594 335 1757 405
165 1596 335 1756 404
166 1594 335 1757 405
167 1595 335 1755 404
168 1594 335 1757 405
169 1595 335 1755 404
170 1593 335 1756 405
171 1594 335 1754 404
172 1592 335 1755 405
173 1594 336 1751 403
174 1591 335 1754 405
175 1593 336 1753 405
176 1591 335 1754 405
177 1591 335 1754 405
178 1594 336 1751 403
179 1591 335 1754 405
180 1591 335 1754 405
181 1593 336 1750 403
182 1590 335 1753 405
183 1590 335 1753 405
184 1590 335 1753 405
185 1592 336 1749 403
186 1590 336 1750 405
187 1588 336 1751 406
188 1590 337 1750 406
189 1586 335 1753 406
190 1588 335 1751 405
191 1587 335 1750 405
192 1588 336 1748 405
193 1587 336 1750 406
194 1586 336 1749 406
195 1585 336 1748 406
196 1587 337 1747 406
197 1583 336 1750 407
198 1583 336 1750 407
199 1584 336 1747 406
200 1586 337 1746 406
201 1584 336 1747 406
202 1584 336 1747 406
203 1585 337 1745 406
204 1583 337 1746 407
205 1581 336 1748 407
206 1581 337 1744 407
207 1581 337 1744 407
208 1579 336 1746 407
209 1579 336 1742 406
210 1580 337 1740 406
211 1580 337 1740 406
212 1577 336 1744 407
213 1579 337 1742 407
214 1579 337 1742 407
215 1576 336 1743 407
216 1578 337 1741 407
217 1576 336 1743 407
218 1577 337 1740 407
219 1576 337 1739 407
220 1578 338 1738 407
221 1573 337 1740 408
222 1573 337 1740 408
223 1574 338 1737 408
224 1574 338 1737 408
225 1572 337 1739 408
226 1570 337 1740 410
227 1570 337 1740 410
228 1569 336 1742 410
229 1571 337 1738 408
230 1572 338 1735 408
231 1568 337 1738 410
232 1568 337 1738 410
233 1566 337 1736 410
234 1567 338 1734 409
235 1567 338 1734 409
236 1567 338 1734 409
237 1567 338 1730 408
238 1567 338 1730 408
239 1565 337 1732 408
240 1566 338 1729 408
241 1566 338 1729 408
242 1566 338 1729 408
243 1565 338 1728 408
244 1565 338 1728 408
245 1563 339 1726 409
246 1563 339 1726 409
247 1561 338 1728 409
248 1563 339 1726 409
249 1561 339 1724 409
250 1559 338 1726 409
251 1562 340 1722 409
252 1559 339 1726 410
253 1558 338 1725 409
254 1560 340 1720 409
255 1558 339 1721 409
256 1558 339 1721 409
257 1557 339 1720 409
258 1556 339 1719 409
259 1559 340 1716 407
260 1556 340 1719 410
261 1555 340 1718 410
262 1555 340 1718 410
263 1554 339 1717 409
264 1554 340 1717 410
265 1553 340 1716 410
266 1552 340 1715 410
267 1553 341 1713 410
268 1550 340 1717 411
269 1549 339 1716 410
270 1550 340 1713 410
271 1551 341 1711 410
272 1550 341 1713 411
273 1549 341 1712 411
274 1549 341 1712 411
275 1548 341 1711 411
276 1548 341 1711 411
277 1546 341 1709 411
278 1543 340 1713 413
279 1544 340 1711 411
280 1541 340 1711 413
281 1541 340 1711 413
282 1539 340 1712 414
283 1540 340 1710 413
284 1539 340 1712 414
285 1539 340 1709 413
286 1538 340 1711 414
287 1539 341 1706 412
288 1539 341 1706 412
289 1536 341 1706 414
290 1536 341 1706 414
291 1534 341 1704 414
292 1534 341 1704 414
293 1532 341 1702 414
294 1532 341 1702 414
295 1532 341 1702 414
296 1530 341 1703 415
297 1531 341 1701 414
298 1531 341 1701 414
299 1532 342 1699 413
300 1531 342 1698 413
301 1532 343 1695 413
302 1532 343 1695 413
303 1530 343 1693 413
304 1530 343 1693 413
305 1527 343 1690 413
306 1525 342 1692 413
307 1526 343 1689 413
308 1525 342 1692 413
309 1525 343 1688 413
310 1524 342 1691 413
311 1524 343 1687 413
312 1523 342 1690 413
313 1525 344 1685 413
314 1524 344 1687 414
315 1524 344 1687 414
316 1523 343 1686 413
317 1520 343 1683 413
318 1519 343 1682 413
319 1519 343 1682 413
320 1520 343 1683 413
321 1519 344 1682 414
322 1518 344 1681 414
323 1517 344 1680 414
324 1519 344 1679 413
325 1518 345 1681 415
326 1517 344 1680 414
327 1517 344 1680 414
328 1517 344 1680 414
329 1516 344 1679 414
330 1517 345 1677 414
331 1518 346 1678 415
332 1517 346 1677 415
333 1516 346 1676 415
334 1517 347 1674 414
335 1516 346 1673 413
336 1517 347 1674 414
337 1517 347 1671 413
338 1517 346 1671 412
339 1518 347 1669 412
340 1518 348 1669 413
341 1520 349 1665 411
342 1519 349 1667 412
343 1520 349 1665 411
344 1519 348 1667 411
345 1518 348 1666 411
346 1519 349 1664 411
347 1520 350 1662 411
348 1520 350 1662 411
349 1519 350 1661 411
350 1520 351 1659 411
351 1519 350 1658 410
352 1520 351 1657 410
353 1522 352 1656 409
354 1522 352 1656 409
355 1522 352 1656 409
356 1522 352 1656 409
357 1521 353 1655 410
358 1521 353 1655 410
359 1521 353 1655 410
360 1521 353 1655 410
361 1520 353 1654 410
362 1520 353 1654 410
363 1521 353 1652 409
364 1521 354 1650 409
365 1522 354 1651 409
366 1522 354 1651 409
367 1522 355 1651 410
368 1522 354 1651 409
369 1522 355 1651 410
370 1523 355 1649 409
371 1522 355 1648 409
372 1523 355 1647 408
373 1522 355 1646 408
374 1523 355 1644 407
375 1523 356 1644 408
376 1523 356 1644 408
377 1524 357 1643 408
378 1524 356 1643 407
379 1525 357 1642 407
380 1524 357 1643 408
381 1525 358 1642 408
382 1526 358 1640 407
383 1526 358 1640 407
384 1526 359 1640 408
385 1526 358 1638 406
386 1526 359 1638 407
387 1526 360 1636 407
388 1526 359 1636 406
389 1527 360 1635 406
390 1527 360 1635 406
391 1526 360 1634 406
392 1526 361 1634 407
393 1527 361 1633 406
394 1527 362 1633 407
395 1528 362 1632 406
396 1528 362 1632 406
397 1528 361 1632 405
398 1528 362 1630 406
399 1528 362 1630 406
400 1529 363 1627 405
401 1528 362 1626 404
402 1529 363 1625 404
403 1529 364 1625 405
404 1528 363 1626 405
405 1528 364 1624 405
406 1530 364 1624 404
407 1530 364 1622 403
408 1531 364 1623 403
409 1530 364 1622 403
410 1530 365 1622 404
411 1530 365 1620 404
412 1530 364 1620 403
413 1530 365 1617 402
414 1531 366 1616 402
415 1531 366 1616 402
416 1531 365 1618 402
417 1531 366 1616 402
418 1532 366 1614 401
419 1532 366 1615 402
420 1532 366 1615 402
421 1533 367 1615 402
422 1532 367 1614 402
423 1533 367 1612 401
424 1532 367 1614 402
425 1528 366 1613 402
426 1527 366 1614 403
427 1527 365 1617 404
428 1526 365 1616 404
429 1525 365 1617 404
430 1525 364 1621 405
431 1529 365 1621 404
432 1524 364 1622 406
433 1524 362 1626 406
434 1530 364 1624 404
435 1530 365 1620 404
436 1526 364 1622 405
437 1530 366 1620 405
438 1524 364 1622 406
439 1524 363 1626 407
440 1529 365 1623 405
441 1524 363 1624 406
442 1530 365 1622 404
443 1525 365 1623 407
444 1522 363 1626 407
445 1521 361 1629 407
446 1520 361 1634 410
447 1521 361 1638 411
448 1525 362 1635 409
449 1520 360 1637 410
450 1519 360 1640 412
451 1518 359 1644 413
452 1518 358 1647 413
453 1515 356 1652 415
454 1515 355 1654 415
455 1514 354 1656 415
456 1513 353 1658 415
457 1512 352 1663 417
458 1512 351 1663 416
459 1511 350 1665 416
460 1510 349 1667 416
461 1511 349 1668 416
462 1511 349 1671 418
463 1508 347 1675 418
464 1508 348 1675 419
465 1507 347 1677 420
466 1506 346 1679 420
467 1506 346 1679 420
468 1507 346 1680 420
469 1506 346 1679 420
470 1505 345 1682 421
471 1505 345 1682 421
472 1505 346 1682 422
473 1506 346 1683 422
474 1507 347 1680 421
475 1507 346 1680 420
476 1506 346 1683 422
477 1506 346 1683 422
478 1506 346 1683 422
479 1506 346 1683 422
480 1505 346 1685 423
481 1503 345 1687 424
482 1502 344 1690 424
483 1503 345 1691 425
484 1502 344 1693 426
485 1502 344 1693 426
486 1502 344 1693 426
487 1501 344 1696 428
488 1501 344 1696 428
489 1501 344 1696 428
490 1501 344 1696 428
491 1501 344 1696 428
492 1500 344 1695 428
493 1501 344 1696 428
494 1501 344 1696 428
495 1501 344 1696 428
496 1500 344 1695 428
497 1500 344 1695 428
498 1500 344 1695 428
499 1500 344 1695 428
500 1500 344 1695 428
501 1502 345 1693 427
502 1502 345 1693 427
503 1502 345 1693 427
504 1501 344 1696 428
505 1501 344 1696 428
506 1501 344 1696 428
507 1501 345 1696 429
508 1501 345 1696 429
509 1501 345 1696 429
