1446 -1 -1 -1 -1
0 1763 271 148 63
1 1759 273 1904 335
2 1759 273 1904 335
3 1756 274 1898 335
4 1755 274 1897 335
5 1755 274 1897 335
6 1756 274 1895 333
7 1746 275 1885 334
8 1746 276 1883 334
9 1742 277 1876 334
10 1741 278 1875 335
11 1736 277 1870 334
12 1736 278 1870 335
13 1732 278 1863 334
14 1732 279 1863 335
15 1728 280 1857 335
16 1728 280 1857 335
17 1730 280 1854 333
18 1731 281 1852 333
19 1720 282 1841 334
20 1720 282 1841 334
21 1714 282 1835 334
22 1715 283 1834 334
23 1710 283 1829 334
24 1709 283 1830 335
25 1704 284 1825 336
26 1704 284 1825 336
27 1700 284 1821 336
28 1700 284 1821 336
29 1700 284 1821 336
30 1700 284 1821 336
31 1690 285 1814 338
32 1690 285 1814 338
33 1684 285 1810 339
34 1684 285 1810 339
35 1679 286 1805 340
36 1679 285 1805 339
37 1676 287 1800 340
38 1676 286 1800 339
39 1672 288 1793 340
40 1672 288 1791 339
41 1671 287 1792 339
42 1671 287 1792 339
43 1662 288 1783 340
44 1661 288 1782 340
45 1657 289 1778 341
46 1657 288 1778 340
47 1652 289 1773 341
48 1652 289 1773 341
49 1647 290 1768 342
50 1647 289 1768 341
51 1641 289 1765 342
52 1642 290 1766 343
53 1642 291 1766 344
54 1641 290 1767 344
55 1631 290 1760 345
56 1631 290 1760 345
57 1627 290 1753 344
58 1629 291 1753 344
59 1623 292 1749 346
60 1623 292 1749 346
61 1617 292 1746 347
62 1617 291 1746 346
63 1612 292 1741 347
64 1613 291 1742 346
65 1613 292 1742 347
66 1613 292 1742 347
67 1604 292 1733 347
68 1604 293 1730 347
69 1599 294 1728 349
70 1599 293 1728 348
71 1594 293 1723 348
72 1594 293 1725 349
73 1588 294 1722 351
74 1587 292 1724 350
75 1583 294 1720 352
76 1583 293 1720 351
77 1582 292 1721 351
78 1582 292 1721 351
79 1574 292 1713 351
80 1573 292 1712 351
81 1569 294 1708 353
82 1569 294 1706 352
83 1565 295 1702 353
84 1565 295 1702 353
85 1560 296 1697 354
86 1560 295 1699 354
87 1556 296 1693 354
88 1556 296 1693 354
89 1557 296 1694 354
90 1555 295 1694 354
91 1545 296 1684 355
92 1545 295 1687 356
93 1540 296 1682 357
94 1540 296 1682 357
95 1536 297 1678 358
96 1537 297 1676 356
97 1532 298 1674 359
98 1532 297 1671 356
99 1527 296 1672 358
100 1528 298 1673 360
101 1528 298 1673 360
102 1527 298 1672 360
103 1517 298 1665 361
104 1517 299 1665 362
105 1512 299 1657 361
106 1512 299 1657 361
107 1510 299 1655 361
108 1510 300 1652 361
109 1508 300 1650 361
110 1507 300 1649 361
111 1506 301 1645 360
112 1504 301 1643 360
113 1504 301 1643 360
114 1505 301 1644 360
115 1497 301 1636 360
116 1494 301 1636 362
117 1489 301 1631 362
118 1489 301 1631 362
119 1484 302 1626 363
120 1485 302 1627 363
121 1482 302 1624 363
122 1481 302 1623 363
123 1476 302 1621 364
124 1476 303 1621 365
125 1475 302 1623 365
126 1475 302 1623 365
127 1468 303 1616 366
128 1466 303 1617 367
129 1461 303 1612 367
130 1460 302 1614 368
131 1456 303 1610 369
132 1456 303 1610 369
133 1453 304 1604 368
134 1455 304 1603 367
135 1450 304 1601 368
136 1449 304 1600 368
137 1449 304 1600 368
138 1450 305 1598 368
139 1442 305 1590 368
140 1441 305 1592 369
141 1438 305 1586 368
142 1438 306 1586 369
143 1433 306 1584 370
144 1433 306 1584 370
145 1429 306 1580 370
146 1430 306 1578 369
147 1425 306 1576 370
148 1425 306 1576 370
149 1426 307 1574 370
150 1426 307 1574 370
151 1418 307 1566 370
152 1417 307 1568 371
153 1414 307 1565 371
154 1413 307 1564 371
155 1410 308 1561 372
156 1410 308 1561 372
157 1406 309 1554 372
158 1406 309 1554 372
159 1402 309 1550 372
160 1403 310 1551 373
161 1402 309 1550 372
162 1402 310 1550 373
163 1396 310 1541 372
164 1396 311 1541 373
165 1392 311 1537 373
166 1391 311 1539 374
167 1387 311 1535 374
168 1388 311 1533 373
169 1385 311 1530 373
170 1385 312 1530 374
171 1380 312 1528 375
172 1381 312 1526 374
173 1381 312 1526 374
174 1381 312 1526 374
175 1374 313 1519 375
176 1374 313 1519 375
177 1369 313 1517 376
178 1370 313 1515 375
179 1367 313 1512 375
180 1367 313 1512 375
181 1364 313 1509 375
182 1363 314 1508 376
183 1359 313 1507 376
184 1358 314 1506 377
185 1360 314 1505 376
186 1358 314 1506 377
187 1353 314 1498 376
188 1353 314 1498 376
189 1350 314 1495 376
190 1348 315 1490 376
191 1347 315 1489 376
192 1343 316 1485 377
193 1344 316 1483 375
194 1341 316 1480 375
195 1341 317 1480 376
196 1341 316 1480 375
197 1341 316 1480 375
198 1334 317 1473 376
199 1335 317 1472 375
200 1332 318 1471 377
201 1331 317 1470 376
202 1328 318 1467 377
203 1328 318 1467 377
204 1325 318 1464 377
205 1324 318 1466 379
206 1321 318 1463 379
207 1319 318 1464 380
208 1320 318 1465 380
209 1319 318 1467 381
210 1319 317 1467 380
211 1312 317 1463 381
212 1312 317 1463 381
213 1308 317 1462 383
214 1310 318 1461 382
215 1306 318 1460 384
216 1305 317 1459 383
217 1302 318 1456 384
218 1302 318 1456 384
219 1300 318 1454 384
220 1300 318 1454 384
221 1300 318 1454 384
222 1299 318 1453 384
223 1293 319 1447 385
224 1293 319 1447 385
225 1291 319 1445 385
226 1291 319 1445 385
227 1287 319 1444 386
228 1287 318 1444 385
229 1283 318 1443 386
230 1285 319 1439 385
231 1282 319 1439 386
232 1283 320 1437 386
233 1282 320 1436 386
234 1282 320 1436 386
235 1277 321 1431 387
236 1275 319 1432 386
237 1275 321 1429 387
238 1275 321 1429 387
239 1271 320 1428 387
240 1271 320 1428 387
241 1267 320 1427 388
242 1268 320 1425 387
243 1265 320 1425 388
244 1265 320 1422 387
245 1267 321 1421 387
246 1266 320 1423 387
247 1261 321 1418 388
248 1261 321 1418 388
249 1259 321 1416 388
250 1259 321 1416 388
251 1257 322 1414 389
252 1257 322 1414 389
253 1256 322 1410 388
254 1254 321 1411 388
255 1251 321 1411 389
256 1252 322 1409 389
257 1252 322 1409 389
258 1247 322 1407 390
259 1248 322 1405 389
260 1246 322 1403 389
261 1246 322 1403 389
262 1243 322 1403 390
263 1244 322 1401 389
264 1242 322 1399 389
265 1242 323 1399 390
266 1239 322 1399 390
267 1240 323 1397 390
268 1240 323 1397 390
269 1240 323 1397 390
270 1237 324 1394 391
271 1237 324 1394 391
272 1235 323 1392 390
273 1235 324 1392 391
274 1235 324 1392 391
275 1233 324 1390 391
276 1231 324 1388 391
277 1232 324 1389 391
278 1230 324 1387 391
279 1229 324 1386 391
280 1230 324 1387 391
281 1229 324 1386 391
282 1230 324 1387 391
283 1225 324 1385 392
284 1225 324 1382 391
285 1225 325 1382 392
286 1222 324 1382 392
287 1223 324 1380 391
288 1221 325 1381 393
289 1220 324 1380 392
290 1220 324 1380 392
291 1220 325 1377 392
292 1220 325 1377 392
293 1219 324 1379 392
294 1220 325 1377 392
295 1216 325 1376 393
296 1216 325 1376 393
297 1215 325 1375 393
298 1214 324 1374 392
299 1213 325 1373 393
300 1213 325 1373 393
301 1212 325 1372 393
302 1211 324 1374 394
303 1211 325 1371 393
304 1210 325 1370 393
305 1210 325 1370 393
306 1210 325 1370 393
307 1207 325 1367 393
308 1208 326 1365 393
309 1206 326 1366 394
310 1206 326 1366 394
311 1205 326 1365 394
312 1204 325 1364 393
313 1203 326 1363 394
314 1203 326 1363 394
315 1202 326 1362 394
316 1202 326 1362 394
317 1201 326 1361 394
318 1201 326 1361 394
319 1198 326 1358 394
320 1199 326 1359 394
321 1196 325 1359 395
322 1196 325 1359 395
323 1194 325 1357 395
324 1196 326 1356 394
325 1193 325 1356 395
326 1193 325 1356 395
327 1192 326 1355 396
328 1192 326 1355 396
329 1192 326 1355 396
330 1193 327 1353 395
331 1189 327 1352 397
332 1188 327 1351 397
333 1186 326 1353 397
334 1186 327 1353 398
335 1183 326 1353 398
336 1183 326 1353 398
337 1182 326 1352 398
338 1181 326 1351 398
339 1180 326 1350 398
340 1180 326 1350 398
341 1180 326 1350 398
342 1180 326 1350 398
343 1176 325 1349 399
344 1176 325 1349 399
345 1175 326 1348 400
346 1174 326 1347 400
347 1173 326 1346 400
348 1173 326 1346 400
349 1170 325 1347 400
350 1171 326 1344 400
351 1169 326 1346 401
352 1169 327 1342 401
353 1171 327 1341 399
354 1171 327 1341 399
355 1168 327 1338 399
356 1168 327 1338 399
357 1165 327 1338 401
358 1165 327 1338 401
359 1162 327 1339 402
360 1162 326 1339 401
361 1161 326 1338 401
362 1161 326 1338 401
363 1159 326 1336 401
364 1159 326 1336 401
365 1159 326 1336 401
366 1159 326 1336 401
367 1156 326 1333 401
368 1156 326 1333 401
369 1154 326 1334 403
370 1152 325 1336 403
371 1151 326 1335 404
372 1151 326 1335 404
373 1148 325 1336 405
374 1149 326 1333 404
375 1148 326 1332 404
376 1147 326 1331 404
377 1149 327 1329 404
378 1147 326 1331 404
379 1146 327 1326 404
380 1146 327 1326 404
381 1142 326 1326 404
382 1142 327 1326 405
383 1141 327 1325 405
384 1140 327 1324 405
385 1139 327 1323 405
386 1139 327 1323 405
387 1136 326 1324 406
388 1137 327 1321 405
389 1137 327 1321 405
390 1139 328 1319 405
391 1135 327 1319 405
392 1134 327 1318 405
393 1131 326 1319 406
394 1133 328 1317 406
395 1130 327 1318 407
396 1130 327 1318 407
397 1128 327 1316 407
398 1128 327 1316 407
399 1127 327 1315 407
400 1126 327 1314 407
401 1126 327 1314 407
402 1126 327 1314 407
403 1123 327 1311 407
404 1122 326 1313 407
405 1120 326 1311 407
406 1120 327 1311 408
407 1119 327 1310 408
408 1118 326 1309 407
409 1117 326 1308 407
410 1117 326 1308 407
411 1116 326 1307 407
412 1115 327 1306 408
413 1115 327 1306 408
414 1115 327 1306 408
415 1111 326 1306 409
416 1110 326 1305 409
417 1109 327 1304 410
418 1109 326 1304 409
419 1107 327 1302 410
420 1107 327 1302 410
421 1106 327 1301 410
422 1106 327 1301 410
423 1104 327 1299 410
424 1104 327 1299 410
425 1102 327 1301 412
426 1104 327 1299 410
427 1099 326 1298 411
428 1099 326 1298 411
429 1097 327 1296 412
430 1097 327 1296 412
431 1094 326 1297 412
432 1095 326 1294 411
433 1092 327 1295 413
434 1092 326 1295 412
435 1089 326 1292 412
436 1091 327 1290 412
437 1090 326 1293 412
438 1091 327 1290 412
439 1088 326 1291 412
440 1086 326 1289 412
441 1083 325 1290 413
442 1083 326 1290 414
443 1082 326 1289 414
444 1082 326 1289 414
445 1080 327 1287 415
446 1078 326 1289 416
447 1078 326 1285 414
448 1078 326 1285 414
449 1078 327 1285 415
450 1076 326 1287 416
451 1073 327 1280 415
452 1074 327 1281 415
453 1072 327 1279 415
454 1071 326 1282 416
455 1068 326 1279 416
456 1068 327 1279 417
457 1066 327 1277 417
458 1066 327 1277 417
459 1065 327 1276 417
460 1065 327 1276 417
461 1064 326 1275 416
462 1065 326 1276 416
463 1059 327 1270 417
464 1060 327 1271 417
465 1058 327 1269 417
466 1059 327 1270 417
467 1056 327 1267 417
468 1057 327 1268 417
469 1054 327 1265 417
470 1054 327 1265 417
471 1052 327 1263 417
472 1053 328 1264 418
473 1052 328 1263 418
474 1053 328 1264 418
475 1046 327 1262 419
476 1047 328 1263 420
477 1044 328 1260 420
478 1042 327 1262 421
479 1043 328 1259 420
480 1040 327 1260 421
481 1040 328 1256 420
482 1040 328 1256 420
483 1036 328 1256 422
484 1036 328 1256 422
485 1035 328 1255 422
486 1035 328 1255 422
487 1033 328 1253 422
488 1032 328 1252 422
489 1030 328 1250 422
490 1030 328 1250 422
491 1028 328 1248 422
492 1028 328 1248 422
493 1025 328 1245 422
494 1025 328 1245 422
495 1021 328 1245 423
496 1022 327 1242 421
497 1023 328 1243 422
498 1023 328 1243 422
499 1017 328 1241 423
500 1016 327 1240 422
501 1014 327 1238 422
502 1014 328 1238 423
503 1011 327 1235 422
504 1011 328 1235 423
505 1009 327 1233 422
506 1009 327 1233 422
507 1006 328 1230 423
508 1005 328 1229 423
509 1005 328 1229 423
510 1005 328 1229 423
511 1000 328 1224 423
512 1000 328 1224 423
513 998 329 1222 424
514 997 328 1221 423
515 995 328 1219 423
516 993 328 1222 425
517 991 328 1220 425
518 990 328 1219 425
519 987 328 1216 425
520 987 328 1216 425
521 987 328 1216 425
522 986 328 1215 425
523 983 327 1212 424
524 982 327 1211 424
525 980 328 1209 425
526 979 328 1208 425
527 982 330 1202 424
528 984 331 1200 423
529 982 330 1198 422
530 982 330 1198 422
531 981 330 1197 422
532 980 330 1196 422
533 979 330 1195 422
534 979 330 1195 422
535 973 330 1189 422
536 974 330 1190 422
537 972 330 1188 422
538 969 329 1189 423
539 966 329 1186 423
540 966 330 1186 424
541 964 330 1184 424
542 964 330 1184 424
543 960 329 1180 423
544 961 330 1181 424
545 961 330 1181 424
546 961 330 1181 424
547 954 330 1174 424
548 954 330 1174 424
549 953 330 1173 424
550 948 328 1177 425
551 943 330 1167 425
552 944 329 1168 424
553 942 328 1166 423
554 941 329 1165 424
555 938 329 1162 424
556 938 330 1162 425
557 938 329 1162 424
558 938 329 1162 424
559 930 330 1154 425
560 930 329 1154 424
561 927 330 1151 425
562 928 330 1148 424
563 925 330 1145 424
564 923 330 1147 425
565 924 329 1144 423
566 923 329 1143 423
567 922 331 1138 423
568 922 331 1138 423
569 919 330 1139 424
570 919 330 1139 424
571 911 330 1135 425
572 914 329 1134 423
573 912 330 1132 424
574 911 330 1131 424
575 909 331 1125 423
576 910 331 1126 423
577 908 330 1124 422
578 908 331 1124 423
579 904 330 1120 422
580 904 331 1120 423
581 904 330 1120 422
582 904 330 1120 422
583 897 330 1113 422
584 898 331 1114 423
585 893 328 1113 422
586 892 328 1116 423
587 887 329 1107 423
588 889 329 1109 423
589 885 329 1101 421
590 887 329 1103 421
591 884 329 1100 421
592 882 329 1102 423
593 883 328 1103 422
594 884 329 1100 421
595 874 328 1094 422
596 875 328 1095 422
597 870 328 1090 422
598 870 328 1090 422
599 866 328 1086 422
600 867 328 1087 422
601 863 327 1083 421
602 863 328 1083 422
603 858 327 1082 422
604 858 326 1082 421
605 858 326 1082 421
606 858 326 1082 421
607 850 326 1074 421
608 852 326 1076 421
609 848 325 1072 420
610 845 324 1074 421
611 841 323 1074 422
612 840 324 1073 423
613 837 323 1075 424
614 837 323 1075 424
615 832 321 1075 424
616 831 321 1074 424
617 832 321 1075 424
618 831 321 1074 424
619 825 321 1068 424
620 823 320 1071 425
621 821 320 1069 425
622 822 320 1070 425
623 815 319 1068 427
624 816 319 1069 427
625 811 317 1069 427
626 811 317 1069 427
627 806 316 1069 428
628 804 315 1072 429
629 805 315 1073 429
