589 -1 -1 -1 -1
0 1246 345 194 91
1 1244 345 1442 438
2 1243 345 1441 438
3 1245 345 1439 436
4 1243 345 1441 438
5 1242 345 1440 438
6 1241 345 1439 438
7 1241 345 1439 438
8 1240 345 1438 438
9 1240 345 1438 438
10 1242 346 1436 437
11 1238 345 1440 440
12 1240 346 1438 439
13 1238 345 1440 440
14 1239 345 1437 438
15 1238 346 1436 439
16 1239 346 1433 437
17 1237 346 1435 439
18 1234 345 1436 440
19 1236 346 1434 439
20 1235 346 1433 439
21 1235 346 1433 439
22 1234 346 1432 439
23 1234 346 1432 439
24 1234 346 1432 439
25 1234 346 1432 439
26 1232 346 1430 439
27 1230 346 1432 441
28 1232 346 1430 439
29 1231 347 1429 440
30 1228 346 1430 441
31 1228 346 1430 441
32 1227 346 1429 441
33 1227 346 1429 441
34 1225 346 1431 443
35 1226 346 1428 441
36 1226 346 1428 441
37 1224 346 1430 443
38 1224 346 1426 441
39 1224 347 1426 442
40 1224 347 1426 442
41 1223 347 1425 442
42 1222 347 1424 442
43 1222 347 1424 442
44 1223 348 1421 441
45 1220 347 1422 442
46 1220 347 1422 442
47 1220 347 1422 442
48 1220 347 1422 442
49 1220 347 1422 442
50 1218 348 1420 443
51 1215 347 1421 444
52 1216 347 1418 442
53 1216 347 1418 442
54 1214 347 1420 444
55 1214 347 1420 444
56 1214 348 1416 443
57 1214 348 1416 443
58 1213 348 1415 443
59 1213 348 1415 443
60 1213 348 1415 443
61 1213 348 1415 443
62 1207 347 1417 446
63 1211 348 1413 443
64 1209 349 1411 444
65 1206 348 1412 445
66 1206 348 1412 445
67 1208 349 1410 444
68 1205 349 1411 446
69 1204 348 1410 445
70 1204 348 1410 445
71 1203 348 1409 445
72 1203 348 1409 445
73 1203 348 1409 445
74 1201 348 1407 445
75 1201 349 1407 446
76 1200 349 1406 446
77 1200 348 1406 445
78 1199 349 1405 446
79 1199 349 1405 446
80 1198 348 1404 445
81 1197 349 1403 446
82 1198 349 1400 444
83 1196 349 1402 446
84 1196 349 1402 446
85 1196 349 1402 446
86 1196 350 1398 445
87 1193 350 1399 447
88 1192 349 1398 446
89 1192 349 1398 446
90 1191 350 1397 447
91 1191 350 1397 447
92 1190 349 1396 446
93 1190 350 1396 447
94 1188 350 1394 447
95 1188 350 1394 447
96 1188 350 1394 447
97 1188 350 1394 447
98 1184 350 1390 447
99 1184 350 1390 447
100 1183 351 1389 448
101 1181 350 1391 449
102 1180 350 1390 449
103 1181 351 1387 448
104 1178 350 1388 449
105 1178 350 1388 449
106 1177 350 1387 449
107 1177 351 1387 450
108 1176 350 1386 449
109 1177 351 1387 450
110 1175 351 1385 450
111 1174 351 1384 450
112 1172 351 1382 450
113 1172 351 1382 450
114 1171 351 1381 450
115 1171 352 1381 451
116 1170 352 1380 451
117 1169 352 1379 451
118 1168 352 1378 451
119 1168 352 1378 451
120 1168 352 1378 451
121 1168 352 1378 451
122 1164 352 1374 451
123 1165 352 1375 451
124 1163 352 1373 451
125 1163 352 1373 451
126 1161 352 1371 451
127 1161 352 1371 451
128 1159 352 1369 451
129 1159 352 1369 451
130 1157 352 1367 451
131 1157 352 1367 451
132 1157 353 1367 452
133 1157 353 1367 452
134 1155 354 1361 451
135 1153 353 1363 452
136 1151 353 1361 452
137 1152 353 1362 452
138 1150 354 1360 453
139 1149 354 1359 453
140 1147 354 1357 453
141 1147 354 1357 453
142 1145 355 1355 454
143 1145 355 1355 454
144 1145 354 1355 453
145 1145 355 1355 454
146 1139 354 1353 454
147 1140 354 1354 454
148 1136 353 1354 455
149 1136 353 1354 455
150 1136 354 1350 454
151 1136 354 1350 454
152 1134 355 1348 455
153 1132 354 1350 456
154 1132 354 1350 456
155 1132 354 1346 454
156 1130 354 1348 456
157 1127 355 1341 455
158 1125 354 1343 456
159 1125 354 1343 456
160 1123 354 1341 456
161 1123 354 1341 456
162 1121 355 1339 457
163 1121 355 1339 457
164 1120 355 1334 455
165 1118 355 1336 457
166 1118 356 1332 456
167 1116 355 1334 457
168 1116 355 1334 457
169 1116 355 1334 457
170 1111 355 1329 457
171 1111 355 1329 457
172 1109 356 1327 458
173 1109 356 1327 458
174 1107 356 1325 458
175 1107 356 1325 458
176 1105 357 1323 459
177 1102 356 1325 461
178 1100 356 1323 461
179 1099 356 1322 461
180 1099 356 1322 461
181 1100 356 1323 461
182 1097 357 1315 459
183 1097 358 1315 460
184 1092 357 1315 462
185 1092 357 1315 462
186 1092 358 1310 460
187 1089 357 1312 462
188 1087 357 1310 462
189 1087 357 1310 462
190 1084 357 1307 462
191 1085 358 1308 463
192 1084 357 1307 462
193 1082 357 1309 464
194 1078 358 1301 463
195 1079 358 1302 463
196 1077 359 1300 464
197 1074 358 1301 465
198 1074 358 1297 463
199 1071 358 1298 465
200 1071 358 1294 463
201 1071 359 1294 464
202 1066 358 1293 465
203 1068 359 1291 464
204 1068 359 1291 464
205 1068 359 1291 464
206 1063 360 1286 465
207 1061 359 1288 466
208 1058 359 1285 466
209 1060 360 1283 465
210 1056 360 1283 467
211 1057 360 1280 465
212 1056 360 1279 465
213 1059 362 1273 462
214 1054 361 1272 463
215 1057 361 1271 461
216 1055 361 1273 463
217 1057 361 1271 461
218 1051 362 1265 462
219 1049 362 1267 464
220 1044 362 1267 467
221 1046 362 1264 464
222 1045 362 1263 464
223 1047 363 1261 463
224 1043 363 1257 463
225 1045 363 1255 462
226 1042 364 1248 461
227 1043 365 1245 460
228 1043 365 1245 460
229 1043 366 1245 461
230 1038 365 1244 462
231 1036 365 1242 462
232 1036 366 1238 461
233 1036 366 1238 461
234 1031 366 1237 463
235 1032 367 1234 462
236 1027 367 1233 464
237 1021 366 1235 466
238 1019 366 1237 468
239 1019 366 1237 468
240 1019 366 1237 468
241 1019 366 1237 468
242 1016 367 1230 467
243 1015 368 1229 468
244 1009 367 1227 469
245 1009 367 1227 469
246 1010 368 1224 468
247 1009 369 1223 469
248 1006 369 1220 469
249 1006 369 1220 469
250 1004 370 1218 470
251 1003 371 1217 471
252 1003 371 1217 471
253 1002 371 1216 471
254 997 372 1211 472
255 996 372 1210 472
256 994 373 1208 473
257 994 373 1208 473
258 994 375 1204 474
259 992 375 1202 474
260 989 375 1199 474
261 989 375 1199 474
262 988 377 1194 474
263 985 376 1195 475
264 986 376 1196 475
265 985 376 1195 475
266 979 378 1189 477
267 978 378 1188 477
268 976 379 1186 478
269 976 379 1186 478
270 974 380 1184 479
271 975 380 1181 477
272 973 381 1179 478
273 972 381 1178 478
274 969 381 1175 478
275 969 382 1175 479
276 969 382 1175 479
277 969 382 1175 479
278 965 385 1167 480
279 965 385 1167 480
280 963 386 1165 481
281 962 386 1164 481
282 960 387 1162 482
283 959 387 1161 482
284 959 388 1157 481
285 960 389 1154 480
286 958 390 1152 481
287 957 390 1151 481
288 955 390 1153 483
289 956 390 1150 481
290 952 393 1142 482
291 952 393 1142 482
292 951 394 1137 481
293 950 394 1136 481
294 948 395 1134 482
295 948 395 1134 482
296 945 396 1131 483
297 945 397 1131 484
298 941 397 1127 484
299 941 398 1127 485
300 941 398 1127 485
301 941 398 1127 485
302 934 401 1120 488
303 934 401 1120 488
304 932 402 1118 489
305 929 402 1119 491
306 929 403 1115 490
307 929 403 1115 490
308 928 405 1111 491
309 928 405 1111 491
310 925 406 1108 492
311 925 406 1108 492
312 925 406 1108 492
313 925 407 1108 493
314 919 409 1102 495
315 921 410 1100 494
316 918 411 1097 495
317 918 412 1097 496
318 919 414 1095 496
319 920 415 1092 496
320 918 415 1090 496
321 919 417 1088 496
322 918 419 1084 497
323 918 418 1084 496
324 918 418 1084 496
325 918 418 1084 496
326 915 422 1077 498
327 917 423 1076 498
328 914 424 1073 499
329 914 424 1073 499
330 914 426 1070 499
331 914 426 1070 499
332 913 429 1066 501
333 913 429 1066 501
334 913 431 1063 501
335 912 431 1062 501
336 913 432 1060 501
337 913 432 1060 501
338 908 435 1055 504
339 908 435 1055 504
340 905 437 1052 506
341 905 437 1052 506
342 904 439 1048 507
343 903 440 1047 508
344 902 441 1046 509
345 900 441 1047 510
346 900 443 1044 511
347 900 443 1044 511
348 900 443 1044 511
349 900 444 1044 512
350 896 447 1037 513
351 897 447 1038 513
352 897 450 1036 515
353 897 450 1036 515
354 897 453 1033 517
355 897 453 1033 517
356 897 456 1030 518
357 897 455 1028 516
358 896 459 1027 520
359 896 458 1027 519
360 896 458 1027 519
361 896 458 1027 519
362 892 461 1023 522
363 892 462 1023 523
364 892 464 1023 525
365 891 464 1022 525
366 892 467 1017 526
367 892 467 1017 526
368 893 469 1016 527
369 894 470 1015 527
370 894 473 1012 528
371 894 473 1012 528
372 894 472 1012 527
373 895 472 1013 527
374 894 479 1010 533
375 895 479 1009 532
376 897 483 1006 534
377 897 482 1006 533
378 897 485 1006 536
379 896 485 1005 536
380 893 486 1004 538
381 893 486 1004 538
382 892 490 1003 542
383 892 489 1003 541
384 892 489 1003 541
385 892 489 1003 541
386 890 495 1001 547
387 890 495 1001 547
388 889 498 1000 550
389 889 498 1000 550
390 888 501 999 553
391 888 500 999 552
392 888 504 999 556
393 888 503 999 555
394 888 507 999 559
395 888 506 999 558
396 888 506 999 558
397 888 506 999 558
398 886 513 997 565
399 887 512 998 564
400 888 516 999 568
401 888 516 999 568
402 887 520 998 572
403 887 519 998 571
404 888 523 999 575
405 888 522 999 574
406 888 526 999 578
407 888 525 999 577
408 887 526 998 578
409 888 526 999 578
410 888 532 999 584
411 889 532 1000 584
412 892 537 1003 589
413 891 536 1002 588
414 892 540 1003 592
415 892 540 1003 592
416 893 544 1004 596
417 893 544 1004 596
418 895 548 1006 600
419 894 547 1008 600
420 893 547 1007 600
421 893 547 1007 600
422 895 557 1009 610
423 894 556 1008 609
424 895 561 1011 615
425 895 560 1011 614
426 898 564 1014 618
427 897 564 1013 618
428 899 568 1015 622
429 898 568 1014 622
430 900 572 1016 626
431 900 572 1016 626
432 900 572 1016 626
433 900 572 1016 626
434 907 580 1021 633
435 907 580 1021 633
436 910 586 1024 639
437 910 586 1024 639
438 913 590 1027 643
439 913 590 1027 643
440 917 594 1031 647
441 917 594 1031 647
442 919 599 1033 652
443 919 598 1033 651
444 919 598 1033 651
445 919 598 1033 651
446 927 606 1041 659
447 927 607 1041 660
448 931 613 1045 666
449 931 612 1045 665
450 935 617 1049 670
451 934 617 1048 670
452 938 622 1052 675
453 939 622 1053 675
454 943 626 1057 679
455 943 626 1057 679
456 943 626 1057 679
457 943 626 1057 679
458 949 636 1065 690
459 949 636 1065 690
460 955 642 1071 696
461 955 642 1071 696
462 959 648 1075 702
463 958 647 1074 701
464 964 653 1080 707
465 963 652 1081 707
466 967 657 1085 712
467 967 657 1085 712
468 968 657 1086 712
469 967 657 1088 714
470 977 669 1098 726
471 977 669 1100 727
472 981 674 1106 733
473 981 674 1106 733
474 986 679 1114 739
475 986 679 1114 739
476 992 686 1120 746
477 992 686 1120 746
478 999 692 1127 752
479 998 691 1129 752
480 997 691 1128 752
481 997 691 1128 752
482 1010 704 1138 764
483 1010 704 1138 764
484 1015 710 1146 771
485 1015 710 1146 771
486 1022 716 1153 777
487 1022 716 1153 777
488 1029 723 1160 784
489 1029 723 1160 784
490 1036 730 1167 791
491 1036 730 1167 791
492 1036 730 1167 791
493 1036 730 1167 791
494 1052 745 1183 806
495 1052 744 1183 805
496 1060 752 1191 813
497 1060 751 1191 812
498 1067 759 1198 820
499 1068 758 1199 819
500 1074 766 1207 828
501 1075 766 1208 828
502 1085 775 1218 837
503 1085 775 1218 837
504 1085 775 1218 837
505 1085 775 1218 837
506 1103 791 1236 853
507 1104 791 1237 853
508 1112 799 1245 861
509 1113 799 1246 861
510 1123 809 1256 871
511 1124 809 1257 871
512 1133 816 1266 878
513 1133 816 1266 878
514 1143 824 1276 886
515 1143 823 1279 887
516 1142 824 1278 888
517 1143 824 1279 888
518 1163 841 1299 905
519 1164 841 1300 905
520 1172 847 1308 911
521 1172 847 1308 911
522 1181 847 1317 911
523 1182 847 1318 911
524 1194 847 1330 911
525 1192 847 1328 911
526 1198 847 1334 911
527 1197 847 1333 911
528 1198 847 1334 911
529 1198 847 1334 911
530 1195 847 1331 911
531 1197 847 1333 911
532 1193 847 1329 911
533 1192 848 1328 912
534 1192 847 1328 911
535 1192 847 1328 911
536 1192 847 1328 911
537 1192 847 1328 911
538 1195 848 1326 909
539 1195 848 1326 909
540 1195 848 1326 909
541 1195 848 1326 909
542 1195 848 1328 910
543 1195 849 1328 911
544 1194 848 1327 910
545 1194 848 1327 910
546 1194 848 1327 910
547 1194 848 1327 910
548 1194 848 1327 910
549 1194 848 1327 910
550 1195 848 1328 910
551 1195 848 1326 909
552 1196 848 1327 909
553 1196 848 1327 909
554 1196 848 1327 909
555 1196 848 1327 909
556 1196 847 1327 908
557 1197 848 1325 908
558 1198 848 1326 908
559 1196 848 1327 909
560 1197 848 1325 908
561 1197 848 1325 908
562 1198 848 1323 907
563 1199 848 1324 907
564 1199 848 1322 906
565 1201 849 1322 906
566 1200 848 1321 905
567 1200 848 1321 905
568 1201 848 1322 905
569 1198 846 1323 905
570 1199 847 1322 905
571 1200 848 1321 905
572 1200 847 1321 904
573 1200 848 1321 905
574 1201 847 1322 904
575 1201 848 1322 905
576 1200 847 1323 905
577 1200 848 1321 905
578 1200 848 1321 905
579 1200 848 1321 905
580 1200 847 1321 904
581 1200 847 1321 904
582 1200 848 1321 905
583 1200 848 1321 905
584 1200 847 1321 904
585 1200 847 1321 904
586 1200 847 1321 904
587 1200 847 1321 904
588 1200 847 1321 904
