348 -1 -1 -1 -1
0 1183 735 253 144
1 1184 735 1447 879
2 1171 726 1434 870
3 1171 725 1434 869
4 1170 727 1430 879
5 1170 726 1430 878
6 1150 712 1410 864
7 1147 713 1404 876
8 1140 708 1397 871
9 1136 706 1393 869
10 1125 700 1375 852
11 1125 700 1375 852
12 1113 692 1363 844
13 1116 694 1361 846
14 1103 687 1348 839
15 1103 687 1348 839
16 1105 687 1343 837
17 1106 687 1344 837
18 1086 673 1324 823
19 1087 673 1326 820
20 1077 666 1316 813
21 1076 666 1315 813
22 1071 662 1302 806
23 1071 662 1302 806
24 1061 657 1292 801
25 1055 656 1290 798
26 1045 650 1280 792
27 1045 650 1280 792
28 1050 655 1278 791
29 1051 655 1279 791
30 1031 643 1259 779
31 1036 636 1259 776
32 1026 632 1249 772
33 1026 630 1249 770
34 1022 628 1238 763
35 1022 628 1238 763
36 1014 624 1230 759
37 1011 623 1228 758
38 1002 617 1219 752
39 1002 617 1219 752
40 1005 618 1219 751
41 1005 618 1219 751
42 988 607 1202 740
43 990 610 1204 738
44 981 605 1195 733
45 981 605 1195 733
46 973 595 1184 727
47 973 595 1184 727
48 966 591 1177 723
49 967 594 1176 722
50 959 588 1168 716
51 959 590 1168 718
52 959 590 1167 715
53 959 590 1167 715
54 943 582 1151 707
55 941 583 1149 706
56 933 578 1141 701
57 932 578 1140 701
58 928 574 1131 696
59 928 574 1131 696
60 920 569 1123 691
61 922 570 1124 692
62 914 565 1116 687
63 914 565 1116 687
64 910 568 1116 686
65 910 568 1116 686
66 895 558 1101 676
67 900 560 1099 678
68 893 557 1092 675
69 893 556 1092 674
70 888 552 1086 669
71 888 552 1086 669
72 881 548 1079 665
73 880 548 1080 664
74 874 545 1074 661
75 874 545 1074 661
76 871 545 1071 659
77 871 546 1071 660
78 857 539 1057 653
79 845 538 1055 651
80 838 534 1048 647
81 838 534 1048 647
82 841 532 1037 644
83 841 532 1037 644
84 834 529 1030 641
85 831 530 1031 640
86 824 527 1024 637
87 824 527 1024 637
88 824 526 1024 636
89 824 526 1024 636
90 809 520 1009 630
91 808 520 1008 628
92 800 516 1000 624
93 801 516 1001 624
94 794 513 992 622
95 794 513 992 622
96 788 510 986 619
97 782 510 988 617
98 773 505 979 612
99 773 505 979 612
100 768 505 978 614
101 768 505 978 614
102 749 498 959 607
103 760 504 961 608
104 753 501 954 605
105 753 501 954 605
106 748 500 945 602
107 748 500 945 602
108 742 498 939 600
109 735 496 938 601
110 727 493 930 598
111 727 493 930 598
112 728 494 933 596
113 728 494 933 596
114 710 489 915 591
115 713 489 912 592
116 703 486 902 589
117 706 487 905 590
118 697 485 899 587
119 696 486 898 588
120 688 484 890 586
121 687 482 890 583
122 678 481 881 582
123 678 481 881 582
124 677 480 881 580
125 677 479 881 579
126 663 476 867 576
127 656 477 865 575
128 648 476 857 574
129 647 475 856 573
130 645 472 847 569
131 645 472 847 569
132 638 470 840 567
133 638 471 839 567
134 631 468 832 564
135 632 468 833 564
136 624 470 831 565
137 624 469 831 564
138 606 468 813 563
139 607 466 814 562
140 601 465 808 561
141 600 464 807 560
142 591 463 798 557
143 591 463 798 557
144 583 461 790 555
145 580 461 789 556
146 580 461 789 556
147 571 460 780 555
148 573 458 780 553
149 573 458 780 553
150 557 455 764 550
151 541 457 762 552
152 534 457 755 552
153 533 456 754 551
154 541 455 744 547
155 541 455 744 547
156 532 454 735 546
157 527 454 737 546
158 520 452 730 544
159 520 452 730 544
160 524 452 729 542
161 524 452 729 542
162 506 449 711 539
163 496 461 708 540
164 486 460 698 539
165 486 460 698 539
166 479 459 689 537
167 480 458 690 536
168 471 457 681 535
169 468 449 679 538
170 460 448 671 537
171 460 448 671 537
172 474 451 672 537
173 474 451 672 537
174 455 448 653 534
175 458 444 653 547
176 453 444 648 547
177 453 443 648 546
178 429 445 634 532
179 429 445 634 532
180 421 443 626 530
181 425 443 624 532
182 420 444 619 533
183 419 442 618 531
184 428 445 615 530
185 428 445 615 530
186 413 441 600 526
187 371 441 598 527
188 367 444 594 530
189 366 441 593 527
190 366 453 553 527
191 366 453 553 527
192 364 453 551 527
193 337 441 564 525
194 332 440 559 524
195 332 441 559 525
196 327 444 550 528
197 327 444 550 528
198 325 441 548 525
199 309 445 534 527
200 303 445 528 527
201 303 444 528 526
202 286 441 512 522
203 287 441 513 522
204 283 439 509 520
205 275 442 503 521
206 271 443 499 522
207 271 443 499 522
208 264 446 488 522
209 264 446 488 522
210 265 446 489 522
211 239 441 473 525
212 234 440 468 524
213 234 440 468 524
214 215 441 446 523
215 216 441 447 523
216 210 441 441 523
217 204 445 407 524
218 196 445 399 524
219 195 445 398 524
220 191 443 409 525
221 191 443 409 525
222 167 441 385 523
223 163 440 399 525
224 154 440 390 525
225 154 440 390 525
226 141 450 377 528
227 141 450 377 528
228 130 452 366 530
229 127 449 365 529
230 108 451 346 531
231 108 451 346 531
232 109 451 348 528
233 108 451 347 528
234 84 452 323 529
235 87 452 327 531
236 73 452 313 531
237 75 453 315 532
238 64 447 304 533
239 64 447 304 533
240 53 447 293 533
241 51 451 286 532
242 36 452 271 533
243 37 452 272 533
244 41 450 276 534
245 41 450 276 534
246 17 452 252 536
247 4 445 255 538
248 0 445 251 538
249 0 444 251 537
250 0 448 225 540
251 1 449 226 541
252 0 449 225 541
253 0 448 215 539
254 0 448 215 539
255 0 448 215 539
256 0 448 204 540
257 1 448 205 540
258 0 440 204 532
259 0 448 176 532
260 0 445 176 529
261 0 447 176 531
262 0 451 148 535
263 1 451 149 535
264 0 454 148 538
265 0 449 133 537
266 0 454 133 542
267 0 453 133 541
268 0 450 120 537
269 1 450 121 537
270 25 445 145 532
271 0 453 97 540
272 0 455 97 542
273 0 454 97 541
274 0 464 65 545
275 1 464 66 545
276 19 476 84 557
277 0 456 56 544
278 20 456 76 544
279 21 455 77 543
280 0 467 39 547
281 1 468 40 548
282 0 470 39 550
283 1 470 40 550
284 2 468 41 548
285 2 468 41 548
286 2 467 41 547
287 1 466 40 546
288 2 467 41 547
289 2 465 41 545
290 2 465 41 545
291 3 465 42 545
292 1 465 40 545
293 1 464 40 544
294 1 464 40 544
295 1 465 40 545
296 3 467 42 547
297 1 467 40 547
298 1 467 40 547
299 2 466 41 546
300 1 467 40 547
301 2 465 41 545
302 1 468 40 548
303 1 466 40 546
304 1 467 40 547
305 1 467 40 547
306 1 468 40 548
307 2 465 41 545
308 2 465 41 545
309 1 468 40 548
310 1 467 40 547
311 3 466 42 546
312 2 465 41 545
313 2 466 41 546
314 1 467 40 547
315 1 467 40 547
316 2 467 41 547
317 1 467 40 547
318 2 465 41 545
319 2 465 41 545
320 1 467 40 547
321 1 467 40 547
322 1 468 40 548
323 2 465 41 545
324 2 465 41 545
325 1 466 40 546
326 1 465 40 545
327 2 466 41 546
328 1 466 40 546
329 1 467 40 547
330 3 465 42 545
331 2 466 41 546
332 3 466 42 546
333 3 465 42 545
334 3 466 42 546
335 3 466 42 546
336 3 466 42 546
337 3 465 42 545
338 3 466 42 546
339 3 466 42 546
340 3 466 42 546
341 3 466 42 546
342 3 466 42 546
343 3 466 42 546
344 2 466 41 546
345 2 466 41 546
346 2 466 41 546
347 3 466 42 546
