1513 -1 -1 -1 -1
0 495 216 103 72
1 499 218 595 286
2 492 215 588 283
3 492 214 588 282
4 492 213 586 281
5 492 213 586 281
6 489 211 583 279
7 489 211 583 278
8 487 211 581 278
9 487 211 581 278
10 484 208 578 276
11 484 208 578 276
12 485 208 579 276
13 484 208 578 276
14 479 205 573 273
15 479 205 573 273
16 477 205 571 271
17 477 204 571 270
18 474 204 568 270
19 474 203 568 269
20 471 202 565 268
21 471 202 565 268
22 471 202 564 267
23 469 201 562 266
24 469 201 562 266
25 470 200 562 265
26 469 200 561 265
27 464 197 556 262
28 466 197 558 262
29 462 196 554 261
30 462 196 554 261
31 461 194 550 259
32 460 194 549 259
33 457 192 546 257
34 455 192 546 256
35 455 191 546 255
36 455 191 546 255
37 455 192 547 256
38 455 192 547 256
39 451 189 543 253
40 452 189 540 253
41 448 187 536 251
42 446 186 534 250
43 447 187 536 251
44 444 186 533 250
45 444 186 533 250
46 443 184 530 247
47 443 184 530 247
48 443 184 530 247
49 443 184 530 247
50 438 182 525 245
51 438 182 525 245
52 437 181 522 243
53 438 182 523 244
54 436 181 521 243
55 435 180 523 241
56 432 178 520 239
57 432 179 520 240
58 431 177 515 238
59 431 177 515 238
60 431 177 515 238
61 430 177 515 238
62 425 174 510 235
63 425 174 510 235
64 424 173 509 234
65 424 173 509 234
66 422 171 507 232
67 423 173 507 233
68 422 172 506 232
69 422 172 506 232
70 417 169 502 230
71 415 169 500 230
72 415 169 500 230
73 417 169 502 230
74 413 167 498 228
75 413 167 498 228
76 413 168 495 226
77 412 169 494 227
78 409 167 491 225
79 410 166 494 225
80 410 166 494 225
81 408 164 492 223
82 407 166 491 224
83 406 163 490 221
84 405 163 489 221
85 408 164 489 222
86 407 165 488 223
87 403 162 484 220
88 403 163 484 219
89 400 161 481 217
90 400 161 481 217
91 399 161 478 216
92 395 160 474 215
93 395 160 474 215
94 396 160 475 215
95 394 159 473 214
96 394 159 473 214
97 396 160 475 215
98 397 160 476 215
99 393 158 472 213
100 392 158 471 212
101 390 157 469 211
102 390 157 469 211
103 390 153 468 208
104 390 154 468 209
105 389 153 467 208
106 387 152 465 208
107 385 150 463 206
108 385 150 463 206
109 386 151 462 207
110 385 151 461 207
111 382 149 458 205
112 381 147 458 202
113 380 147 457 202
114 378 146 455 201
115 378 146 455 201
116 377 145 454 200
117 377 145 454 200
118 375 144 450 199
119 374 144 449 199
120 374 144 449 199
121 375 144 450 199
122 372 143 447 198
123 372 143 447 198
124 371 142 444 196
125 371 141 444 195
126 369 140 442 194
127 369 140 443 194
128 366 138 440 192
129 366 138 440 192
130 365 137 438 192
131 364 138 437 193
132 364 138 437 193
133 365 137 439 192
134 362 135 436 190
135 362 134 436 189
136 360 136 433 189
137 361 136 434 189
138 360 135 433 188
139 359 136 431 188
140 356 135 428 187
141 357 135 429 187
142 356 133 428 186
143 356 133 428 186
144 356 133 428 186
145 356 133 428 186
146 352 131 424 184
147 352 131 424 184
148 351 130 422 183
149 350 132 421 185
150 349 131 420 184
151 351 128 421 181
152 349 128 419 181
153 349 128 419 181
154 347 127 417 179
155 346 128 416 180
156 346 128 416 180
157 347 127 417 179
158 347 127 417 179
159 343 125 413 177
160 344 125 413 177
161 343 124 412 176
162 343 124 412 176
163 340 123 409 174
164 339 123 408 174
165 336 122 405 173
166 339 122 408 173
167 337 120 406 171
168 337 120 406 171
169 338 121 406 172
170 338 122 406 173
171 335 120 403 171
172 335 121 403 170
173 334 121 402 170
174 334 121 402 170
175 332 119 400 168
176 331 118 399 167
177 331 118 399 167
178 328 117 396 166
179 328 116 396 165
180 328 116 396 165
181 328 117 396 166
182 324 115 392 164
183 324 115 392 164
184 324 114 392 163
185 324 114 392 163
186 323 114 391 163
187 322 113 389 162
188 321 111 388 160
189 321 111 388 160
190 319 112 385 160
191 318 111 384 159
192 318 111 384 159
193 319 112 385 160
194 317 110 383 158
195 317 110 383 158
196 315 109 381 156
197 316 110 382 157
198 315 109 381 156
199 313 108 379 155
200 312 107 378 154
201 311 106 377 153
202 310 106 375 152
203 311 107 376 153
204 311 107 376 153
205 310 107 375 153
206 307 106 372 152
207 307 106 372 152
208 306 105 371 151
209 307 105 372 151
210 305 104 370 150
211 305 104 369 150
212 303 102 367 148
213 304 102 368 148
214 301 101 364 148
215 299 102 362 149
216 299 102 362 149
217 301 101 364 148
218 300 101 363 148
219 297 100 360 147
220 299 100 362 146
221 299 99 362 145
222 300 100 363 146
223 296 98 360 144
224 297 99 361 145
225 296 98 360 144
226 295 97 359 143
227 293 96 357 142
228 293 96 357 142
229 293 96 356 142
230 294 97 357 143
231 290 95 353 141
232 288 93 351 140
233 287 93 350 140
234 285 92 348 139
235 287 93 350 139
236 284 93 347 139
237 283 92 346 138
238 285 91 347 136
239 284 90 346 135
240 284 90 346 135
241 285 91 348 137
242 283 90 346 136
243 283 90 346 136
244 280 88 343 134
245 281 88 344 134
246 280 88 343 134
247 279 88 341 134
248 278 87 340 133
249 279 87 341 133
250 276 86 337 132
251 276 86 337 132
252 276 86 337 132
253 277 86 337 131
254 274 85 334 130
255 274 85 334 130
256 272 83 333 128
257 273 84 334 129
258 271 83 332 128
259 272 82 332 127
260 269 79 329 124
261 269 79 329 124
262 269 81 329 126
263 268 80 328 125
264 268 79 328 124
265 269 81 329 126
266 266 80 326 125
267 267 80 327 125
268 265 80 324 124
269 266 80 325 124
270 266 80 325 124
271 263 79 323 123
272 263 79 323 123
273 261 78 321 122
274 263 78 321 122
275 262 77 320 121
276 262 77 320 121
277 261 77 319 121
278 262 77 320 121
279 260 76 318 120
280 258 75 317 118
281 256 76 315 119
282 255 75 314 118
283 255 74 314 118
284 256 75 315 119
285 255 74 314 118
286 255 73 313 116
287 256 73 314 116
288 256 73 314 116
289 254 74 312 116
290 252 73 310 115
291 252 73 310 115
292 249 72 306 114
293 248 71 305 113
294 247 69 304 111
295 248 70 305 111
296 246 69 303 110
297 245 69 302 110
298 246 69 302 111
299 247 69 303 111
300 246 69 302 111
301 246 69 303 111
302 245 68 302 110
303 244 68 301 110
304 243 67 299 109
305 242 68 298 110
306 240 67 296 109
307 241 66 297 108
308 239 65 295 107
309 239 65 295 107
310 238 65 295 106
311 236 64 293 105
312 236 64 293 105
313 239 65 295 106
314 235 65 291 106
315 234 63 290 104
316 235 64 290 104
317 235 64 290 104
318 233 63 288 103
319 233 63 288 102
320 231 61 286 100
321 231 61 286 100
322 231 62 286 101
323 231 62 286 101
324 231 62 286 101
325 231 62 286 101
326 228 61 283 100
327 228 61 283 100
328 229 60 283 100
329 229 61 283 101
330 229 61 283 101
331 227 59 281 99
332 225 60 279 100
333 224 59 278 99
334 226 58 280 97
335 224 57 278 96
336 224 57 278 96
337 224 57 279 96
338 223 56 278 95
339 221 55 276 94
340 223 57 277 95
341 222 57 276 95
342 222 58 276 96
343 220 54 274 93
344 219 55 273 94
345 218 54 272 93
346 218 51 271 92
347 219 52 272 93
348 220 52 273 93
349 218 52 271 92
350 216 52 269 92
351 216 52 269 92
352 214 50 267 90
353 216 50 269 90
354 215 49 268 89
355 214 49 266 89
356 213 47 265 87
357 213 47 265 87
358 211 48 263 88
359 211 48 263 88
360 210 47 262 87
361 211 48 263 87
362 209 47 261 86
363 209 47 261 86
364 208 48 260 86
365 209 48 261 86
366 208 47 260 85
367 207 47 258 85
368 203 46 254 84
369 203 46 254 84
370 205 46 256 84
371 206 47 257 85
372 205 46 256 84
373 205 46 256 84
374 203 47 254 85
375 203 47 254 85
376 200 44 251 81
377 198 43 249 80
378 197 43 248 80
379 200 42 251 79
380 198 43 249 80
381 198 43 249 80
382 199 42 250 79
383 198 43 249 80
384 198 43 249 80
385 199 41 249 79
386 198 40 248 78
387 196 39 246 77
388 196 40 247 77
389 194 39 245 76
390 194 39 245 76
391 194 40 244 76
392 194 40 244 76
393 192 39 242 75
394 192 39 242 75
395 194 41 244 77
396 195 40 245 76
397 192 39 242 75
398 190 38 240 74
399 190 38 240 74
400 189 37 238 73
401 189 39 238 75
402 188 38 237 74
403 188 31 237 72
404 187 32 236 73
405 188 31 237 72
406 185 31 234 71
407 186 32 235 72
408 186 32 235 72
409 185 30 234 71
410 184 28 233 69
411 184 28 233 69
412 182 29 231 68
413 185 28 234 67
414 182 28 231 67
415 180 30 229 67
416 180 31 229 68
417 180 31 229 68
418 180 29 228 66
419 180 29 228 66
420 180 29 228 66
421 179 29 227 66
422 178 28 226 65
423 178 28 226 65
424 175 29 224 65
425 176 27 225 63
426 175 27 224 63
427 174 28 224 64
428 175 29 225 65
429 174 29 224 65
430 172 27 222 63
431 169 26 219 62
432 169 26 219 62
433 173 27 221 63
434 172 26 220 62
435 170 24 218 60
436 171 26 219 62
437 169 26 217 62
438 168 26 216 62
439 168 24 217 61
440 167 24 216 61
441 166 24 215 61
442 166 24 215 59
443 165 24 214 59
444 166 24 215 59
445 166 24 215 59
446 166 23 215 58
447 166 23 215 58
448 164 22 211 57
449 166 23 213 58
450 162 23 209 58
451 163 22 210 57
452 162 22 209 57
453 162 22 209 57
454 161 21 208 55
455 160 20 207 54
456 160 20 207 54
457 161 20 208 55
458 159 20 206 55
459 158 18 205 53
460 159 19 206 54
461 160 19 207 54
462 160 19 207 54
463 158 18 204 53
464 157 18 203 53
465 156 17 202 52
466 156 17 202 52
467 156 15 202 50
468 156 16 202 51
469 156 17 202 52
470 155 16 201 51
471 155 17 201 52
472 153 16 199 50
473 155 15 201 49
474 154 15 200 49
475 152 16 198 50
476 150 14 196 48
477 150 14 196 48
478 150 15 196 48
479 150 15 196 48
480 150 15 196 48
481 150 15 196 48
482 147 14 193 47
483 148 14 194 47
484 147 14 192 47
485 147 15 192 48
486 147 15 192 48
487 146 14 191 46
488 145 14 190 46
489 145 14 190 46
490 145 12 191 45
491 147 12 193 45
492 147 12 193 45
493 145 12 191 45
494 143 12 189 45
495 143 12 189 45
496 141 10 188 43
497 142 9 189 42
498 140 8 187 41
499 141 11 186 43
500 141 12 186 44
501 141 12 186 44
502 139 10 184 42
503 140 11 185 43
504 140 11 185 43
505 139 9 184 42
506 135 7 180 40
507 135 7 180 40
508 137 7 181 40
509 137 7 181 40
510 137 7 181 40
511 134 7 179 39
512 135 7 180 39
513 134 5 179 37
514 134 7 179 39
515 134 6 179 38
516 134 6 179 38
517 133 7 178 39
518 137 6 182 38
519 136 5 181 37
520 132 4 176 37
521 131 2 175 35
522 131 2 175 35
523 130 3 174 36
524 128 2 172 35
525 133 3 177 36
526 128 3 171 36
527 128 3 171 36
528 128 3 171 36
529 128 3 171 36
530 125 2 168 35
531 126 3 169 36
532 126 2 169 34
533 126 3 169 35
534 125 2 168 34
535 125 1 168 33
536 124 2 167 34
537 124 2 167 34
538 124 1 166 32
539 125 1 167 32
540 125 1 167 32
541 124 0 166 31
542 124 0 166 31
543 124 0 166 31
544 121 0 164 30
545 120 0 163 30
546 121 1 164 31
547 119 0 162 30
548 120 2 163 32
549 120 2 163 32
550 118 0 161 29
551 119 2 162 31
552 119 2 162 31
553 118 0 160 29
554 116 0 158 29
555 116 0 158 29
556 116 0 158 28
557 115 1 157 29
558 114 0 156 28
559 115 0 157 28
560 117 1 159 29
561 113 0 155 28
562 114 0 155 27
563 114 2 155 29
564 114 0 155 27
565 114 0 156 27
566 118 0 160 27
567 113 1 155 28
568 112 0 154 26
569 112 2 154 28
570 110 2 152 28
571 110 0 152 25
572 112 2 154 27
573 111 2 153 27
574 108 -1 150 23
575 109 1 151 25
576 110 1 152 25
577 108 -1 149 23
578 105 1 146 25
579 103 0 144 24
580 107 0 148 23
581 108 0 149 23
582 105 0 146 23
583 106 -1 147 21
584 106 0 147 22
585 106 0 147 22
586 105 0 145 20
587 103 1 143 21
588 103 1 143 21
589 105 0 145 20
590 106 2 146 22
591 106 2 146 22
592 103 0 143 19
593 104 0 144 19
594 103 0 143 19
595 101 0 142 19
596 99 1 140 20
597 101 3 142 22
598 100 0 140 18
599 100 2 140 20
600 99 1 139 19
601 100 0 140 18
602 100 1 140 19
603 100 0 140 18
604 98 0 138 16
605 99 0 139 16
606 96 0 136 16
607 97 0 136 16
608 96 0 135 16
609 96 0 135 16
610 96 0 135 15
611 96 0 135 15
612 97 0 136 15
613 96 0 136 15
614 93 0 133 15
615 93 0 133 15
616 94 0 133 14
617 94 0 133 14
618 93 0 132 14
619 93 0 132 13
620 94 0 133 13
621 90 0 129 13
622 94 0 132 13
623 91 1 129 14
624 91 1 129 14
625 93 0 131 12
626 95 2 133 14
627 94 1 132 13
628 91 0 129 12
629 89 0 127 12
630 89 0 127 12
631 88 0 127 11
632 87 1 126 12
633 87 1 126 12
634 87 0 126 11
635 89 3 128 14
636 90 4 129 15
637 87 0 126 11
638 87 1 126 12
639 87 1 126 12
640 87 0 125 9
641 88 0 126 9
642 87 0 125 9
643 86 0 123 9
644 86 0 123 9
645 86 0 123 9
646 85 0 122 7
647 84 0 121 7
648 84 1 121 8
649 85 0 122 7
650 87 0 124 7
651 85 0 122 7
652 84 0 120 7
653 83 2 119 9
654 82 2 118 9
655 81 2 117 9
656 81 2 117 9
657 83 2 119 9
658 80 2 116 9
659 84 3 120 10
660 79 2 115 9
661 80 2 116 9
662 82 2 118 9
663 79 2 115 9
664 78 1 114 8
665 83 1 119 8
666 83 2 119 9
667 84 0 120 7
668 78 0 114 7
669 79 1 115 8
670 80 1 116 8
671 76 0 112 7
672 79 0 115 7
673 81 1 117 8
674 78 1 114 8
675 76 0 112 7
676 78 0 114 7
677 76 0 112 7
678 78 0 114 7
679 78 0 114 7
680 78 0 114 7
681 79 0 115 7
682 79 0 115 7
683 77 0 113 7
684 76 0 112 7
685 78 0 114 7
686 81 0 117 7
687 78 0 114 7
688 77 0 113 7
689 82 0 118 7
690 79 0 115 7
691 79 0 115 7
692 77 0 113 7
693 78 0 114 7
694 80 0 116 7
695 90 0 126 7
696 90 0 126 7
697 82 0 118 7
698 83 0 119 7
699 73 0 109 7
700 74 0 110 7
701 74 0 110 7
702 76 0 112 7
703 85 0 121 7
704 87 0 123 7
705 88 0 124 7
706 88 0 124 7
707 88 0 124 7
708 88 0 124 7
709 92 2 128 9
710 88 0 124 7
711 92 2 128 9
712 92 2 128 9
713 92 2 128 9
714 92 1 128 8
715 92 2 128 9
716 92 1 128 8
717 92 1 128 8
718 92 1 128 8
719 92 1 128 8
720 92 1 128 8
721 92 1 128 8
722 92 1 128 8
723 92 1 128 8
724 91 0 127 7
725 92 1 128 8
726 92 1 128 8
727 92 1 128 8
728 91 1 127 8
729 93 2 129 9
730 92 1 128 8
731 91 1 127 8
732 92 1 128 8
733 92 1 128 8
734 91 1 127 8
735 91 1 127 8
736 92 1 128 8
737 92 1 128 8
738 93 2 129 9
739 91 1 127 8
740 92 1 128 8
741 94 2 130 9
742 92 1 128 8
743 92 1 128 8
744 92 1 128 8
745 93 2 129 9
746 92 1 128 8
747 92 1 128 8
748 92 1 128 8
749 93 2 129 9
750 92 1 128 8
751 92 1 128 8
752 93 2 129 9
753 92 1 128 8
754 92 1 128 8
755 92 1 128 8
756 91 0 127 7
757 92 1 128 8
758 92 1 128 8
759 91 0 127 7
760 92 1 128 8
761 92 1 128 8
762 92 1 128 8
763 91 0 127 7
764 95 3 131 10
765 94 2 130 9
766 95 3 131 10
767 94 2 130 9
768 93 2 129 9
769 91 0 127 7
770 94 2 130 9
771 92 1 128 8
772 93 2 129 9
773 93 2 129 9
774 92 1 128 8
775 93 2 129 9
776 92 1 128 8
777 92 1 128 8
778 91 0 127 7
779 92 1 128 8
780 92 1 128 8
781 92 1 128 8
782 92 1 128 8
783 92 1 128 8
784 92 1 128 8
785 92 1 128 8
786 92 1 128 8
787 92 1 128 8
788 91 0 127 7
789 92 1 128 8
790 92 1 128 8
791 92 1 128 8
792 93 2 129 9
793 92 1 128 8
794 90 0 126 7
795 95 2 131 9
796 91 0 127 7
797 91 0 127 7
798 91 0 127 7
799 92 1 128 8
800 91 0 127 7
801 90 0 126 7
802 92 1 128 8
803 92 1 128 8
804 92 1 128 8
805 92 1 128 8
806 92 1 128 8
807 92 1 128 8
808 92 1 128 8
809 92 1 128 8
810 92 1 128 8
811 90 0 126 7
812 92 1 128 8
813 92 1 128 8
814 91 0 127 7
815 92 1 128 8
816 91 0 127 7
817 92 1 128 8
818 91 0 127 7
819 92 1 128 8
820 91 0 127 7
821 92 1 128 8
822 92 1 128 8
823 91 0 127 7
824 91 0 127 7
825 92 1 128 8
826 92 1 128 8
827 92 1 128 8
828 92 1 128 8
829 92 1 128 8
830 92 1 128 8
831 90 0 126 7
832 93 2 129 9
833 92 1 128 8
834 92 1 128 8
835 91 0 127 7
836 92 1 128 8
837 91 1 127 8
838 92 1 128 8
839 93 2 129 9
840 92 1 128 8
841 92 1 128 8
842 92 1 128 8
843 93 1 129 8
844 92 1 128 8
845 92 1 128 8
846 92 1 128 8
847 92 1 128 8
848 92 1 128 8
849 92 1 128 8
850 92 1 128 8
851 92 1 128 8
852 92 1 128 8
853 92 1 128 8
854 92 1 128 8
855 92 1 128 8
856 93 2 129 9
857 92 1 128 8
858 92 1 128 8
859 91 0 127 7
860 92 1 128 8
861 92 1 128 8
862 92 1 128 8
863 92 1 128 8
864 92 1 128 8
865 93 2 129 9
866 92 1 128 8
867 92 1 128 8
868 95 3 131 10
869 92 1 128 8
870 92 1 128 8
871 92 1 128 8
872 91 0 127 7
873 91 0 127 7
874 92 1 128 8
875 92 1 128 8
876 92 1 128 8
877 91 0 127 7
878 92 1 128 8
879 92 1 128 8
880 92 1 128 8
881 92 1 128 8
882 92 1 128 8
883 92 1 128 8
884 92 1 128 8
885 92 1 128 8
886 92 1 128 8
887 92 1 128 8
888 92 1 128 8
889 92 1 128 8
890 92 1 128 8
891 92 1 128 8
892 92 1 128 8
893 92 1 128 8
894 92 1 128 8
895 92 1 128 8
896 91 0 127 7
897 91 0 127 7
898 92 1 128 8
899 91 0 127 7
900 92 1 128 8
901 92 1 128 8
902 90 0 126 7
903 91 0 127 7
904 92 1 128 8
905 91 0 127 7
906 92 1 128 8
907 92 1 128 8
908 92 1 128 8
909 91 0 127 7
910 92 1 128 8
911 92 1 128 8
912 92 1 128 8
913 90 0 126 7
914 92 1 128 8
915 92 1 128 8
916 91 0 127 7
917 92 1 128 8
918 92 1 128 8
919 92 1 128 8
920 92 1 128 8
921 92 1 128 8
922 92 1 128 8
923 92 1 128 8
924 92 1 128 8
925 92 1 128 8
926 92 1 128 8
927 92 1 128 8
928 92 1 128 8
929 92 1 128 8
930 92 1 128 8
931 93 1 129 8
932 91 0 127 7
933 92 1 128 8
934 92 1 128 8
935 91 0 127 7
936 92 1 128 8
937 92 1 128 8
938 92 1 128 8
939 92 1 128 8
940 92 1 128 8
941 93 2 129 9
942 92 1 128 8
943 91 0 127 7
944 92 1 128 8
945 93 2 129 9
946 90 0 126 7
947 92 1 128 8
948 92 1 128 8
949 92 1 128 8
950 90 0 126 7
951 92 1 128 8
952 90 0 126 7
953 92 1 128 8
954 92 1 128 8
955 92 1 128 8
956 92 1 128 8
957 92 2 128 9
958 93 2 129 9
959 92 1 128 8
960 92 1 128 8
961 91 0 127 7
962 90 0 126 7
963 92 1 128 8
964 91 0 127 7
965 90 0 126 7
966 90 0 126 7
967 91 0 127 7
968 92 1 128 8
969 92 1 128 8
970 92 1 128 8
971 92 1 128 8
972 92 1 128 8
973 92 1 128 8
974 91 0 127 7
975 92 1 128 8
976 91 0 127 7
977 92 1 128 8
978 92 1 128 8
979 90 0 126 7
980 92 1 128 8
981 93 2 129 9
982 91 0 127 7
983 92 1 128 8
984 92 1 128 8
985 92 1 128 8
986 92 1 128 8
987 92 1 128 8
988 90 0 126 7
989 92 1 128 8
990 92 1 128 8
991 92 1 128 8
992 92 1 128 8
993 92 1 128 8
994 92 1 128 8
995 92 1 128 8
996 92 1 128 8
997 92 1 128 8
998 91 0 127 7
999 92 1 128 8
1000 92 1 128 8
1001 92 1 128 8
1002 92 1 128 8
1003 90 0 126 7
1004 92 1 128 8
1005 93 2 129 9
1006 92 1 128 8
1007 92 1 128 8
1008 92 1 128 8
1009 93 2 129 9
1010 90 0 126 7
1011 92 1 128 8
1012 92 1 128 8
1013 93 2 129 9
1014 90 0 126 7
1015 92 1 128 8
1016 92 1 128 8
1017 92 1 128 8
1018 92 1 128 8
1019 92 1 128 8
1020 92 1 128 8
1021 92 1 128 8
1022 93 1 129 8
1023 91 0 127 7
1024 92 1 128 8
1025 92 1 128 8
1026 92 1 128 8
1027 93 2 129 9
1028 92 1 128 8
1029 93 2 129 9
1030 93 2 129 9
1031 94 2 130 9
1032 94 2 130 9
1033 92 1 128 8
1034 93 2 129 9
1035 94 2 130 9
1036 92 0 128 7
1037 92 1 128 8
1038 92 1 128 8
1039 91 0 127 7
1040 92 1 128 8
1041 92 1 128 8
1042 93 1 129 8
1043 91 0 127 7
1044 94 1 130 8
1045 93 1 129 8
1046 90 0 126 7
1047 93 2 129 9
1048 93 1 129 8
1049 93 2 129 9
1050 92 1 128 8
1051 90 1 126 8
1052 89 1 125 8
1053 90 1 126 8
1054 90 1 126 8
1055 89 1 125 8
1056 89 2 125 9
1057 89 1 125 8
1058 89 1 125 8
1059 90 1 126 8
1060 90 1 126 8
1061 90 1 126 8
1062 91 2 127 9
1063 91 1 127 8
1064 90 1 126 8
1065 90 1 126 8
1066 91 1 127 8
1067 91 1 127 8
1068 92 1 128 8
1069 92 1 128 8
1070 92 1 128 8
1071 93 2 129 9
1072 91 1 127 8
1073 93 1 129 8
1074 92 1 128 8
1075 92 1 128 8
1076 95 2 131 9
1077 92 1 128 8
1078 92 1 128 8
1079 92 1 128 8
1080 93 1 129 8
1081 92 1 128 8
1082 92 1 128 8
1083 92 1 128 8
1084 93 1 129 8
1085 92 1 128 8
1086 94 1 130 8
1087 95 1 131 8
1088 93 1 129 8
1089 94 1 130 8
1090 94 1 130 8
1091 94 1 130 8
1092 94 1 130 8
1093 93 0 129 7
1094 95 1 131 8
1095 95 1 131 8
1096 95 1 131 8
1097 95 1 131 8
1098 95 1 131 8
1099 95 1 131 8
1100 95 1 131 8
1101 96 1 132 8
1102 96 1 132 8
1103 96 1 132 8
1104 96 1 132 8
1105 96 1 132 8
1106 96 1 132 8
1107 96 1 132 8
1108 96 1 132 8
1109 95 1 131 8
1110 95 1 131 8
1111 96 1 132 8
1112 96 1 132 8
1113 96 1 132 8
1114 96 1 132 8
1115 96 1 132 8
1116 97 1 133 8
1117 96 0 132 7
1118 98 1 134 8
1119 98 1 134 8
1120 98 1 134 8
1121 98 1 134 8
1122 97 1 133 8
1123 99 1 135 8
1124 99 1 135 8
1125 99 1 135 8
1126 100 1 136 8
1127 100 1 136 8
1128 100 1 136 8
1129 100 1 136 8
1130 101 1 137 8
1131 101 1 137 8
1132 101 1 137 8
1133 102 2 138 9
1134 102 1 138 8
1135 101 1 137 8
1136 102 0 138 7
1137 102 1 138 8
1138 103 1 139 8
1139 103 1 139 8
1140 103 1 139 8
1141 102 0 138 7
1142 104 0 140 7
1143 105 1 141 8
1144 105 1 141 8
1145 105 1 141 8
1146 106 1 142 8
1147 105 1 141 8
1148 106 1 142 8
1149 106 1 142 8
1150 106 1 142 8
1151 107 2 143 9
1152 107 2 143 9
1153 107 2 143 9
1154 107 2 143 9
1155 108 2 144 9
1156 108 2 144 9
1157 108 1 144 8
1158 107 0 143 7
1159 108 1 144 8
1160 108 2 144 9
1161 108 2 144 9
1162 108 0 144 7
1163 104 0 140 7
1164 108 2 144 9
1165 108 0 144 7
1166 110 0 146 7
1167 113 2 149 9
1168 112 1 148 8
1169 106 0 142 7
1170 106 0 142 7
1171 106 0 142 7
1172 107 0 143 7
1173 107 0 143 7
1174 108 1 144 8
1175 113 2 149 9
1176 106 1 142 8
1177 106 1 142 8
1178 112 2 148 9
1179 111 0 147 7
1180 135 0 171 7
1181 142 0 178 7
1182 161 0 197 7
1183 161 0 197 7
1184 161 0 197 7
1185 161 0 197 7
1186 161 1 197 8
1187 162 0 198 7
1188 162 0 198 7
1189 160 0 196 7
1190 160 0 196 7
1191 169 2 205 9
1192 172 1 208 8
1193 166 0 202 7
1194 160 0 196 7
1195 161 0 197 7
1196 162 0 198 7
1197 162 0 198 7
1198 164 1 200 8
1199 170 0 206 7
1200 167 0 203 7
1201 165 0 201 7
1202 164 0 200 7
1203 164 0 200 7
1204 163 1 199 8
1205 158 0 194 7
1206 165 0 201 7
1207 162 0 198 7
1208 163 0 199 7
1209 162 0 198 7
1210 164 1 200 8
1211 162 0 198 7
1212 162 1 198 8
1213 164 1 200 8
1214 165 1 201 8
1215 162 1 198 8
1216 164 1 200 8
1217 163 1 199 8
1218 164 1 200 8
1219 162 0 198 7
1220 164 1 200 8
1221 164 1 200 8
1222 164 1 200 8
1223 163 1 199 8
1224 164 0 200 7
1225 165 1 201 8
1226 163 0 199 7
1227 165 1 201 8
1228 164 1 200 8
1229 165 1 201 8
1230 162 0 198 7
1231 162 0 198 7
1232 163 0 199 7
1233 166 1 202 8
1234 163 1 199 8
1235 163 0 199 7
1236 163 0 199 7
1237 163 0 199 7
1238 163 0 199 7
1239 162 0 198 7
1240 162 0 198 7
1241 162 0 198 7
1242 162 0 198 7
1243 162 0 198 7
1244 161 0 197 7
1245 162 0 198 7
1246 161 0 197 7
1247 161 0 197 7
1248 161 0 197 7
1249 161 0 197 7
1250 160 0 196 7
1251 160 0 196 7
1252 159 0 195 7
1253 159 0 195 7
1254 158 0 194 7
1255 159 0 195 7
1256 158 0 194 7
1257 157 0 193 7
1258 157 0 193 7
1259 157 0 193 7
1260 156 0 192 7
1261 156 0 192 7
1262 156 0 192 7
1263 156 0 192 7
1264 155 1 191 8
1265 155 1 191 8
1266 179 0 215 7
1267 155 1 191 8
1268 154 1 190 8
1269 155 2 191 9
1270 153 0 189 7
1271 154 1 190 8
1272 154 1 190 8
1273 152 2 188 9
1274 153 3 189 10
1275 153 0 189 7
1276 153 0 189 7
1277 153 0 189 7
1278 154 0 190 7
1279 153 1 189 8
1280 153 0 189 7
1281 153 0 189 7
1282 154 2 190 9
1283 153 0 189 7
1284 153 0 189 7
1285 152 0 188 7
1286 152 2 188 9
1287 153 0 189 7
1288 153 0 189 7
1289 153 0 189 7
1290 152 0 188 7
1291 153 1 189 8
1292 152 1 188 8
1293 152 1 188 8
1294 152 0 188 7
1295 150 0 186 7
1296 151 0 187 7
1297 151 2 187 9
1298 152 0 188 7
1299 149 0 185 7
1300 150 0 186 7
1301 149 0 185 7
1302 150 2 186 9
1303 149 0 185 7
1304 148 0 184 7
1305 147 0 183 7
1306 148 0 184 7
1307 148 0 184 7
1308 147 0 183 7
1309 148 2 184 9
1310 147 0 183 7
1311 146 0 182 7
1312 146 0 182 7
1313 147 0 183 7
1314 145 0 181 7
1315 145 0 181 7
1316 145 0 181 7
1317 145 0 181 7
1318 144 0 180 7
1319 144 0 180 7
1320 143 0 179 7
1321 144 0 180 7
1322 142 0 178 7
1323 142 0 178 7
1324 142 0 178 7
1325 142 0 178 7
1326 142 0 178 7
1327 142 0 178 7
1328 140 0 176 7
1329 141 0 177 7
1330 140 0 176 7
1331 139 0 175 7
1332 140 0 176 7
1333 140 0 176 7
1334 139 0 175 7
1335 139 0 175 7
1336 139 0 175 7
1337 137 0 173 7
1338 138 0 174 7
1339 138 0 174 7
1340 137 0 173 7
1341 137 0 173 7
1342 137 0 173 7
1343 137 0 173 7
1344 137 0 173 7
1345 137 0 173 7
1346 135 0 171 7
1347 136 0 172 7
1348 135 0 171 7
1349 135 0 171 7
1350 134 0 170 7
1351 134 0 170 7
1352 134 0 170 7
1353 133 0 169 7
1354 133 0 169 7
1355 132 0 168 7
1356 132 0 168 7
1357 133 1 169 8
1358 131 0 167 7
1359 131 0 167 7
1360 131 0 167 7
1361 131 0 167 7
1362 130 0 166 7
1363 130 0 166 7
1364 130 0 166 7
1365 130 0 166 7
1366 129 0 165 7
1367 129 0 165 7
1368 129 0 165 7
1369 128 0 164 7
1370 127 0 163 7
1371 127 0 163 7
1372 126 0 162 7
1373 126 0 162 7
1374 126 1 162 8
1375 125 0 161 7
1376 125 0 161 7
1377 124 0 160 7
1378 123 0 159 7
1379 124 0 160 7
1380 124 1 160 8
1381 124 1 160 8
1382 125 1 161 8
1383 123 0 159 7
1384 122 1 158 8
1385 123 1 159 8
1386 123 2 159 9
1387 122 1 158 8
1388 122 1 158 8
1389 120 1 156 8
1390 121 1 157 8
1391 120 1 156 8
1392 121 2 157 9
1393 121 1 157 8
1394 120 1 156 8
1395 119 1 155 8
1396 118 1 154 8
1397 118 0 154 7
1398 117 0 153 7
1399 118 1 154 8
1400 116 0 152 7
1401 117 1 153 8
1402 117 0 153 7
1403 116 1 152 8
1404 117 0 153 7
1405 117 1 153 8
1406 115 0 151 7
1407 115 0 151 7
1408 115 0 151 7
1409 115 0 151 7
1410 114 0 150 7
1411 115 1 151 8
1412 114 1 150 8
1413 114 0 150 7
1414 114 0 150 7
1415 114 1 150 8
1416 113 0 149 7
1417 113 1 149 8
1418 113 1 149 8
1419 113 0 149 7
1420 113 0 149 7
1421 111 0 147 7
1422 111 0 147 7
1423 112 0 148 7
1424 112 1 148 8
1425 112 1 148 8
1426 112 1 148 8
1427 111 1 147 8
1428 110 0 146 7
1429 110 2 146 9
1430 112 2 148 9
1431 110 1 146 8
1432 109 1 145 8
1433 109 1 145 8
1434 109 1 145 8
1435 110 1 146 8
1436 109 1 145 8
1437 108 0 144 7
1438 107 0 143 7
1439 108 0 144 7
1440 107 0 143 7
1441 109 1 145 8
1442 107 0 143 7
1443 104 0 140 7
1444 104 0 140 7
1445 104 0 140 7
1446 107 0 143 7
1447 106 0 142 7
1448 103 0 139 7
1449 103 0 139 7
1450 103 0 139 7
1451 100 0 136 7
1452 103 0 139 7
1453 103 1 139 8
1454 102 0 138 7
1455 102 0 138 7
1456 101 0 137 7
1457 99 0 135 7
1458 99 0 135 7
1459 98 0 134 7
1460 96 1 132 8
1461 96 1 132 8
1462 96 1 132 8
1463 96 1 132 8
1464 94 2 130 9
1465 96 1 132 8
1466 94 0 130 7
1467 95 1 131 8
1468 94 0 130 7
1469 94 1 130 8
1470 93 0 129 7
1471 93 0 129 7
1472 93 0 129 7
1473 93 1 129 8
1474 92 0 128 7
1475 92 0 128 7
1476 92 0 128 7
1477 92 1 128 8
1478 91 1 127 8
1479 91 0 127 7
1480 91 1 127 8
1481 88 2 124 9
1482 89 0 125 7
1483 90 0 126 7
1484 87 1 123 8
1485 89 0 125 7
1486 87 1 123 8
1487 86 0 122 7
1488 86 1 122 8
1489 86 0 122 7
1490 86 1 122 8
1491 85 1 121 8
1492 85 1 121 8
1493 85 1 121 8
1494 84 0 120 7
1495 84 0 120 7
1496 84 0 120 7
1497 84 0 120 7
1498 83 0 119 7
1499 83 0 119 7
1500 83 0 119 7
1501 85 1 121 8
1502 83 0 119 7
1503 84 0 120 7
1504 81 1 117 8
1505 81 1 117 8
1506 81 1 117 8
1507 80 1 116 8
1508 80 1 116 8
1509 80 1 116 8
1510 76 0 112 7
1511 79 0 115 7
1512 80 0 116 7
