1520 -1 -1 -1 -1
0 1263 347 129 54
1 1264 347 1390 400
2 1263 348 1392 402
3 1263 348 1392 402
4 1263 348 1392 402
5 1263 348 1392 402
6 1263 347 1392 401
7 1262 347 1391 401
8 1263 347 1392 401
9 1263 347 1392 401
10 1263 347 1392 401
11 1263 347 1392 401
12 1265 348 1389 400
13 1263 348 1392 402
14 1263 347 1392 401
15 1262 347 1391 401
16 1263 347 1392 401
17 1262 347 1391 401
18 1263 347 1392 401
19 1263 347 1392 401
20 1263 348 1392 402
21 1263 347 1392 401
22 1262 347 1391 401
23 1263 347 1392 401
24 1263 347 1392 401
25 1262 347 1391 401
26 1263 347 1392 401
27 1263 347 1392 401
28 1264 347 1390 400
29 1263 348 1392 402
30 1263 348 1392 402
31 1263 348 1392 402
32 1263 348 1392 402
33 1262 348 1391 402
34 1263 347 1392 401
35 1263 347 1392 401
36 1263 347 1392 401
37 1262 347 1391 401
38 1263 347 1392 401
39 1263 347 1392 401
40 1262 348 1391 402
41 1263 347 1392 401
42 1263 347 1392 401
43 1262 347 1391 401
44 1263 347 1392 401
45 1263 347 1392 401
46 1263 347 1392 401
47 1264 348 1390 401
48 1263 348 1392 402
49 1262 348 1391 402
50 1263 347 1392 401
51 1263 347 1392 401
52 1262 347 1391 401
53 1263 347 1392 401
54 1263 348 1392 402
55 1262 347 1391 401
56 1263 347 1392 401
57 1263 347 1392 401
58 1263 347 1392 401
59 1263 347 1392 401
60 1263 347 1392 401
61 1262 347 1391 401
62 1264 348 1390 401
63 1263 348 1392 402
64 1263 347 1392 401
65 1263 347 1392 401
66 1264 347 1390 400
67 1263 348 1392 402
68 1263 347 1392 401
69 1263 347 1392 401
70 1263 347 1392 401
71 1264 347 1390 400
72 1263 348 1392 402
73 1263 347 1392 401
74 1263 347 1392 401
75 1264 348 1390 401
76 1263 348 1392 402
77 1262 347 1391 401
78 1263 347 1392 401
79 1263 347 1392 401
80 1264 347 1390 400
81 1263 348 1392 402
82 1263 347 1392 401
83 1263 347 1392 401
84 1263 347 1392 401
85 1264 347 1390 400
86 1263 348 1392 402
87 1263 347 1392 401
88 1263 347 1392 401
89 1264 347 1390 400
90 1263 348 1392 402
91 1263 347 1392 401
92 1263 347 1392 401
93 1263 347 1392 401
94 1264 347 1390 400
95 1263 347 1392 401
96 1263 347 1392 401
97 1263 347 1392 401
98 1264 347 1390 400
99 1263 347 1392 401
100 1263 347 1392 401
101 1264 348 1390 401
102 1263 348 1392 402
103 1262 347 1391 401
104 1263 347 1392 401
105 1264 347 1390 400
106 1263 347 1392 401
107 1262 347 1391 401
108 1264 347 1390 400
109 1263 347 1392 401
110 1263 347 1392 401
111 1264 348 1390 401
112 1263 348 1392 402
113 1262 347 1391 401
114 1263 347 1392 401
115 1264 347 1390 400
116 1263 347 1392 401
117 1262 347 1391 401
118 1264 347 1390 400
119 1263 347 1392 401
120 1262 347 1391 401
121 1264 347 1390 400
122 1263 347 1392 401
123 1263 347 1392 401
124 1264 347 1390 400
125 1263 347 1392 401
126 1263 347 1392 401
127 1264 347 1390 400
128 1263 347 1392 401
129 1264 348 1390 401
130 1263 347 1392 401
131 1262 347 1391 401
132 1264 347 1390 400
133 1263 347 1392 401
134 1262 347 1391 401
135 1264 347 1390 400
136 1263 347 1392 401
137 1264 347 1390 400
138 1263 348 1392 402
139 1263 347 1392 401
140 1264 347 1390 400
141 1263 347 1392 401
142 1264 347 1390 400
143 1263 347 1392 401
144 1263 347 1392 401
145 1264 347 1390 400
146 1263 347 1392 401
147 1264 347 1390 400
148 1263 347 1392 401
149 1263 347 1392 401
150 1264 347 1390 400
151 1263 347 1392 401
152 1264 347 1390 400
153 1263 347 1392 401
154 1264 348 1390 401
155 1263 347 1392 401
156 1262 347 1391 401
157 1264 347 1390 400
158 1263 347 1392 401
159 1264 347 1390 400
160 1263 347 1392 401
161 1263 347 1392 401
162 1264 347 1390 400
163 1263 347 1392 401
164 1264 347 1390 400
165 1263 347 1392 401
166 1263 347 1392 401
167 1264 347 1390 400
168 1263 347 1392 401
169 1264 347 1390 400
170 1263 347 1392 401
171 1263 347 1392 401
172 1264 347 1390 400
173 1263 347 1392 401
174 1264 347 1390 400
175 1263 347 1392 401
176 1264 347 1390 400
177 1263 347 1392 401
178 1262 347 1391 401
179 1264 347 1390 400
180 1263 347 1392 401
181 1264 347 1390 400
182 1263 347 1392 401
183 1264 347 1390 400
184 1263 348 1392 402
185 1263 347 1392 401
186 1264 347 1390 400
187 1263 347 1392 401
188 1263 347 1392 401
189 1264 347 1390 400
190 1263 347 1392 401
191 1264 347 1390 400
192 1263 347 1392 401
193 1264 348 1390 401
194 1263 348 1392 402
195 1263 347 1392 401
196 1264 347 1390 400
197 1263 347 1392 401
198 1263 347 1392 401
199 1264 347 1390 400
200 1263 347 1392 401
201 1264 347 1390 400
202 1263 347 1392 401
203 1264 347 1390 400
204 1263 347 1392 401
205 1263 347 1392 401
206 1263 347 1389 400
207 1263 347 1392 401
208 1264 347 1390 400
209 1263 347 1392 401
210 1262 347 1391 401
211 1264 347 1390 400
212 1263 347 1392 401
213 1263 347 1389 400
214 1263 347 1392 401
215 1264 347 1390 400
216 1263 347 1392 401
217 1262 347 1391 401
218 1264 347 1390 400
219 1263 347 1392 401
220 1263 347 1389 400
221 1263 347 1392 401
222 1262 347 1391 401
223 1263 347 1389 400
224 1262 347 1391 401
225 1262 347 1391 401
226 1264 347 1390 400
227 1262 347 1391 401
228 1262 347 1391 401
229 1263 347 1389 400
230 1262 347 1391 401
231 1262 347 1391 401
232 1263 347 1389 400
233 1262 347 1391 401
234 1263 347 1389 400
235 1262 347 1391 401
236 1262 347 1391 401
237 1263 347 1389 400
238 1262 347 1391 401
239 1262 347 1391 401
240 1261 347 1390 401
241 1262 347 1391 401
242 1261 347 1390 401
243 1262 347 1391 401
244 1261 347 1390 401
245 1262 347 1391 401
246 1261 347 1390 401
247 1260 347 1392 402
248 1262 347 1391 401
249 1261 347 1390 401
250 1262 347 1391 401
251 1259 347 1391 402
252 1260 347 1392 402
253 1262 347 1391 401
254 1259 347 1391 402
255 1260 347 1392 402
256 1260 347 1392 402
257 1262 348 1391 402
258 1259 347 1391 402
259 1260 347 1392 402
260 1260 347 1392 402
261 1259 347 1393 403
262 1258 346 1392 402
263 1258 346 1392 402
264 1258 346 1392 402
265 1258 346 1392 402
266 1258 346 1392 402
267 1258 346 1392 402
268 1258 346 1392 402
269 1258 346 1392 402
270 1256 346 1393 403
271 1259 347 1393 403
272 1255 346 1395 404
273 1257 346 1394 403
274 1255 346 1395 404
275 1256 346 1393 403
276 1255 346 1395 404
277 1255 346 1395 404
278 1255 345 1395 403
279 1255 346 1395 404
280 1255 346 1395 404
281 1255 346 1395 404
282 1255 346 1395 404
283 1254 346 1394 404
284 1253 346 1395 406
285 1253 345 1395 405
286 1253 345 1395 405
287 1253 345 1395 405
288 1253 346 1395 406
289 1252 346 1394 406
290 1253 345 1395 405
291 1253 345 1395 405
292 1252 345 1394 405
293 1253 346 1395 406
294 1251 345 1396 406
295 1251 345 1396 406
296 1253 347 1395 407
297 1250 345 1395 406
298 1251 346 1396 407
299 1251 345 1396 406
300 1251 346 1396 407
301 1251 346 1396 407
302 1251 346 1396 407
303 1251 346 1396 407
304 1249 345 1397 407
305 1251 346 1396 407
306 1249 345 1397 407
307 1250 346 1395 407
308 1248 345 1396 407
309 1248 345 1396 407
310 1248 345 1396 407
311 1246 345 1397 408
312 1247 345 1398 408
313 1245 344 1399 409
314 1247 345 1398 408
315 1245 344 1399 409
316 1247 345 1398 408
317 1244 345 1398 410
318 1245 345 1399 410
319 1244 344 1398 409
320 1244 345 1398 410
321 1242 344 1399 410
322 1242 344 1399 410
323 1242 344 1399 410
324 1242 344 1399 410
325 1242 344 1399 410
326 1240 343 1400 410
327 1240 344 1400 411
328 1240 344 1400 411
329 1240 343 1400 410
330 1240 344 1400 411
331 1240 344 1400 411
332 1239 343 1399 410
333 1240 344 1400 411
334 1239 343 1399 410
335 1238 343 1402 411
336 1237 343 1401 411
337 1237 343 1401 411
338 1236 343 1400 411
339 1236 342 1400 410
340 1236 342 1400 410
341 1236 343 1400 411
342 1235 342 1402 412
343 1235 342 1402 412
344 1234 343 1401 413
345 1235 342 1402 412
346 1234 342 1401 412
347 1234 342 1401 412
348 1232 342 1402 413
349 1233 342 1403 413
350 1231 342 1405 415
351 1231 342 1405 415
352 1231 341 1405 414
353 1231 342 1405 415
354 1230 342 1404 415
355 1231 342 1405 415
356 1230 342 1404 415
357 1229 341 1406 415
358 1229 341 1406 415
359 1228 341 1405 415
360 1229 342 1406 416
361 1228 342 1405 416
362 1229 342 1406 416
363 1228 342 1405 416
364 1228 342 1405 416
365 1228 342 1405 416
366 1228 342 1405 416
367 1227 342 1404 416
368 1227 342 1404 416
369 1227 342 1404 416
370 1227 342 1404 416
371 1227 342 1404 416
372 1224 341 1405 417
373 1227 342 1404 416
374 1226 342 1403 416
375 1226 342 1403 416
376 1225 341 1406 417
377 1225 341 1406 417
378 1224 341 1405 417
379 1225 341 1402 415
380 1225 341 1402 415
381 1225 342 1402 416
382 1225 342 1402 416
383 1224 342 1401 416
384 1225 342 1402 416
385 1224 342 1401 416
386 1225 342 1402 416
387 1224 342 1401 416
388 1224 342 1401 416
389 1224 341 1401 415
390 1224 341 1401 415
391 1224 341 1401 415
392 1224 342 1401 416
393 1224 342 1401 416
394 1223 341 1400 415
395 1224 341 1401 415
396 1223 341 1400 415
397 1223 341 1400 415
398 1221 340 1402 416
399 1224 341 1401 415
400 1223 341 1400 415
401 1221 340 1402 416
402 1223 341 1400 415
403 1223 341 1400 415
404 1221 340 1402 416
405 1222 341 1399 415
406 1222 341 1399 415
407 1222 341 1399 415
408 1222 341 1399 415
409 1222 341 1399 415
410 1222 341 1399 415
411 1222 341 1399 415
412 1221 341 1398 415
413 1222 341 1399 415
414 1221 341 1398 415
415 1222 340 1399 414
416 1221 341 1398 415
417 1221 341 1398 415
418 1221 341 1398 415
419 1221 341 1398 415
420 1221 340 1398 414
421 1221 340 1398 414
422 1221 340 1398 414
423 1221 341 1398 415
424 1221 341 1398 415
425 1221 341 1398 415
426 1221 341 1398 415
427 1221 341 1398 415
428 1221 340 1398 414
429 1221 340 1398 414
430 1221 340 1398 414
431 1221 340 1398 414
432 1221 340 1398 414
433 1221 340 1398 414
434 1220 340 1397 414
435 1220 340 1397 414
436 1221 340 1398 414
437 1221 340 1398 414
438 1220 340 1397 414
439 1221 340 1398 414
440 1220 340 1397 414
441 1221 340 1398 414
442 1221 340 1398 414
443 1220 340 1397 414
444 1221 340 1398 414
445 1220 340 1397 414
446 1221 340 1398 414
447 1221 340 1398 414
448 1220 340 1397 414
449 1221 340 1398 414
450 1220 340 1397 414
451 1221 340 1398 414
452 1221 340 1398 414
453 1220 340 1397 414
454 1221 340 1398 414
455 1220 340 1397 414
456 1220 340 1397 414
457 1221 340 1398 414
458 1220 340 1397 414
459 1221 340 1398 414
460 1221 340 1398 414
461 1220 340 1397 414
462 1221 340 1398 414
463 1220 340 1397 414
464 1221 340 1398 414
465 1220 340 1397 414
466 1220 340 1397 414
467 1221 340 1398 414
468 1220 340 1397 414
469 1221 340 1398 414
470 1220 340 1397 414
471 1221 340 1398 414
472 1220 340 1397 414
473 1221 340 1398 414
474 1221 341 1398 415
475 1220 341 1397 415
476 1221 341 1398 415
477 1220 340 1397 414
478 1221 340 1398 414
479 1220 340 1397 414
480 1220 340 1397 414
481 1221 340 1398 414
482 1220 340 1397 414
483 1221 340 1398 414
484 1220 340 1397 414
485 1220 340 1397 414
486 1221 340 1398 414
487 1220 341 1397 415
488 1221 340 1398 414
489 1220 340 1397 414
490 1220 340 1397 414
491 1220 340 1397 414
492 1220 340 1397 414
493 1220 340 1397 414
494 1219 339 1400 415
495 1220 341 1397 415
496 1220 341 1397 415
497 1220 340 1397 414
498 1220 340 1397 414
499 1220 340 1397 414
500 1220 340 1397 414
501 1222 341 1396 414
502 1222 340 1396 413
503 1222 340 1396 413
504 1221 340 1395 413
505 1221 341 1395 414
506 1221 340 1395 413
507 1221 340 1395 413
508 1221 340 1395 413
509 1221 340 1395 413
510 1221 340 1395 413
511 1221 340 1395 413
512 1221 340 1395 413
513 1221 340 1395 413
514 1221 340 1395 413
515 1221 340 1395 413
516 1221 340 1395 413
517 1221 340 1395 413
518 1221 340 1395 413
519 1221 340 1395 413
520 1221 341 1395 414
521 1221 340 1395 413
522 1221 340 1395 413
523 1221 340 1395 413
524 1220 340 1394 413
525 1220 340 1394 413
526 1220 340 1394 413
527 1220 340 1394 413
528 1220 340 1394 413
529 1219 339 1396 413
530 1219 340 1396 414
531 1220 341 1394 414
532 1220 340 1394 413
533 1220 340 1394 413
534 1220 340 1394 413
535 1220 340 1394 413
536 1220 340 1394 413
537 1220 340 1394 413
538 1219 340 1393 413
539 1219 340 1393 413
540 1218 339 1395 413
541 1218 340 1395 414
542 1216 339 1397 415
543 1216 340 1397 416
544 1216 340 1397 416
545 1216 340 1397 416
546 1216 340 1397 416
547 1216 340 1397 416
548 1216 340 1397 416
549 1216 339 1397 415
550 1213 339 1397 416
551 1215 339 1396 415
552 1213 339 1397 416
553 1214 339 1395 415
554 1212 339 1396 416
555 1212 338 1396 415
556 1212 339 1396 416
557 1212 338 1396 415
558 1212 338 1396 415
559 1212 338 1396 415
560 1210 338 1398 417
561 1210 338 1398 417
562 1209 338 1397 417
563 1209 338 1397 417
564 1206 337 1398 417
565 1208 338 1396 417
566 1206 338 1398 418
567 1206 338 1398 418
568 1206 338 1398 418
569 1206 337 1398 417
570 1205 338 1397 418
571 1204 338 1396 418
572 1203 338 1395 418
573 1203 338 1395 418
574 1201 337 1397 419
575 1201 337 1397 419
576 1200 337 1396 419
577 1198 336 1397 419
