678 -1 -1 -1 -1
0 273 142 74 58
1 273 142 347 200
2 273 143 347 201
3 273 143 347 201
4 278 146 351 203
5 278 146 351 203
6 280 147 354 205
7 280 147 354 205
8 282 148 356 206
9 280 146 359 208
10 282 148 359 208
11 281 147 361 210
12 284 148 363 210
13 283 147 365 211
14 286 149 361 208
15 286 149 360 207
16 289 152 364 211
17 290 152 365 211
18 291 153 366 212
19 292 153 367 212
20 294 155 368 213
21 293 155 368 214
22 294 155 371 215
23 296 156 373 216
24 297 157 376 219
25 296 156 376 219
26 297 156 376 218
27 297 156 377 219
28 302 158 379 218
29 301 159 380 221
30 304 160 383 222
31 302 160 382 223
32 305 161 384 223
33 304 161 384 224
34 306 162 386 225
35 307 162 387 225
36 311 164 386 223
37 310 164 389 226
38 309 164 389 227
39 310 164 389 226
40 314 167 394 230
41 313 166 393 229
42 316 167 396 230
43 316 167 396 230
44 318 169 397 231
45 318 169 398 232
46 319 170 399 233
47 320 170 400 233
48 323 171 402 233
49 323 172 403 235
50 323 171 403 234
51 322 171 402 234
52 326 173 408 237
53 326 173 408 237
54 329 174 411 238
55 329 174 411 238
56 331 176 411 239
57 331 176 413 240
58 333 177 413 240
59 333 178 415 242
60 335 179 417 243
61 335 179 418 244
62 335 179 417 243
63 336 180 416 243
64 341 181 421 244
65 340 182 422 246
66 342 182 425 247
67 342 182 425 247
68 343 184 426 249
69 343 184 426 249
70 345 185 428 250
71 346 185 429 250
72 348 186 431 251
73 348 186 431 251
74 348 186 433 253
75 348 186 433 253
76 352 189 437 256
77 352 188 439 256
78 354 190 439 257
79 355 191 440 258
80 357 192 442 259
81 357 192 442 259
82 359 192 446 260
83 359 193 444 260
84 362 194 447 261
85 361 194 448 262
86 362 195 447 262
87 361 194 448 262
88 366 198 451 265
89 365 196 453 265
90 368 198 453 265
91 368 199 453 266
92 371 200 458 268
93 371 200 458 268
94 372 201 460 270
95 372 201 459 269
96 375 203 462 271
97 375 203 462 271
98 375 203 462 271
99 375 203 462 271
100 380 206 467 274
101 379 206 467 275
102 380 206 468 275
103 380 207 468 276
104 383 208 470 276
105 383 209 471 278
106 385 210 473 279
107 386 210 473 278
108 389 211 477 280
109 387 211 477 282
110 387 212 475 281
111 387 211 477 282
112 391 213 481 284
113 392 215 480 284
114 394 216 482 285
115 394 216 482 285
116 397 217 485 286
117 396 217 486 288
118 398 218 488 289
119 398 218 488 289
120 400 219 490 290
121 400 220 490 291
122 401 220 491 291
123 400 219 492 291
124 406 223 496 294
125 406 223 496 294
126 408 224 498 295
127 407 224 499 296
128 410 226 500 297
129 409 226 501 298
130 411 227 503 299
131 411 227 503 299
132 413 229 505 301
133 415 230 505 301
134 413 228 507 302
135 413 229 507 303
136 418 231 514 306
137 418 231 514 306
138 421 233 515 307
139 421 234 515 308
140 422 234 518 309
141 423 236 517 310
142 425 236 521 311
143 425 236 521 311
144 427 237 523 312
145 428 239 522 313
146 426 237 524 314
147 427 238 523 313
148 431 240 529 317
149 432 240 528 315
150 434 242 530 317
151 434 243 530 318
152 437 244 533 319
153 437 244 535 321
154 438 244 536 321
155 438 245 536 322
156 441 247 537 322
157 441 247 539 324
158 441 247 539 324
159 441 247 539 324
160 444 249 544 327
161 444 249 544 327
162 447 251 545 328
163 447 252 545 329
164 451 253 547 328
165 451 253 549 330
166 452 253 552 331
167 452 254 552 332
168 456 256 554 333
169 456 256 554 333
170 455 256 555 334
171 456 257 554 334
172 460 259 560 337
173 459 259 561 339
174 460 259 562 339
175 460 259 562 339
176 463 261 563 339
177 463 261 565 341
178 466 263 566 341
179 466 263 568 343
180 470 266 568 343
181 469 264 571 344
182 470 265 570 343
183 468 265 572 346
184 474 268 576 348
185 474 268 576 348
186 475 269 577 349
187 476 271 576 349
188 478 271 582 352
189 477 271 581 352
190 480 272 584 353
191 480 273 584 354
192 483 274 587 355
193 482 274 588 357
194 483 275 587 356
195 483 274 589 357
196 487 276 595 360
197 488 277 594 360
198 490 278 596 361
199 489 278 597 362
200 493 281 595 361
201 493 281 597 362
202 494 282 602 366
203 495 282 601 365
204 498 283 606 367
205 497 283 605 367
206 497 283 605 367
207 498 283 604 366
208 503 286 613 372
209 503 286 613 372
210 506 288 614 372
211 506 288 614 372
212 508 289 616 373
213 507 289 617 375
214 510 292 618 376
215 510 292 618 376
216 513 293 621 377
217 512 292 622 378
218 512 292 622 378
219 512 292 622 378
220 520 296 628 380
221 519 296 629 382
222 522 297 632 383
223 522 298 632 384
224 525 299 635 385
225 524 298 636 386
226 528 300 638 386
227 527 300 639 388
228 529 302 641 390
229 530 302 642 390
230 530 302 642 390
231 530 302 642 390
232 537 306 649 394
233 537 306 649 394
234 540 307 652 395
235 541 307 653 395
236 543 307 657 397
237 543 308 657 398
238 546 309 660 399
239 546 310 660 400
240 549 311 663 401
241 550 312 664 402
242 550 312 664 402
243 550 312 664 402
244 557 315 671 405
245 557 315 671 405
246 561 316 675 406
247 562 316 676 406
248 565 317 679 407
249 565 318 679 408
250 568 319 682 409
251 568 319 685 410
252 571 321 685 411
253 572 322 686 412
254 572 320 689 411
255 573 321 687 411
256 580 324 697 415
257 579 323 698 416
258 583 325 702 418
259 584 325 703 418
260 588 327 707 420
261 588 327 705 418
262 594 329 708 419
263 593 328 710 419
264 597 330 711 420
265 598 332 710 420
266 598 331 712 421
267 598 331 712 421
268 610 338 720 424
269 611 339 719 423
270 618 339 728 425
271 619 340 727 424
272 624 342 732 426
273 624 342 732 426
274 632 344 738 427
275 632 345 738 428
276 638 347 742 428
277 640 348 742 428
278 640 348 742 428
279 640 348 742 428
280 649 351 751 431
281 650 351 752 431
282 656 353 758 433
283 656 353 758 433
284 661 355 763 435
285 661 354 763 434
286 668 357 768 435
287 668 357 768 435
288 674 359 774 437
289 674 359 774 437
290 674 359 774 437
291 674 359 774 437
292 686 362 786 440
293 687 363 787 441
294 693 364 793 442
295 693 364 793 442
296 699 365 799 443
297 699 366 799 444
298 705 367 805 445
299 705 367 805 445
300 710 368 810 446
301 710 369 810 447
302 709 368 811 448
303 710 368 810 446
304 723 371 823 449
305 723 371 823 449
306 730 373 830 451
307 730 373 830 451
308 736 375 836 453
309 737 375 837 453
310 744 377 842 454
311 743 377 841 454
312 750 379 846 454
313 752 380 848 455
314 751 380 847 455
315 751 379 847 454
316 764 383 860 458
317 765 383 861 458
318 773 384 869 459
319 773 384 869 459
320 780 385 876 460
321 780 385 876 460
322 787 386 883 461
323 787 386 883 461
324 794 387 890 462
325 794 388 890 463
326 794 387 890 462
327 793 387 891 464
328 807 390 903 465
329 808 390 904 465
330 816 391 912 466
331 816 391 914 468
332 823 391 921 468
333 823 391 921 468
334 831 392 927 467
335 830 392 928 469
336 837 393 935 470
337 837 393 935 470
338 837 394 935 471
339 839 395 933 469
340 853 397 947 471
341 854 398 948 472
342 862 399 956 473
343 863 400 957 474
344 871 401 963 473
345 871 401 963 473
346 879 403 969 474
347 880 403 970 474
348 888 404 978 475
349 888 404 978 475
350 888 404 978 475
351 888 404 978 475
352 903 407 991 476
353 904 406 992 475
354 911 407 999 476
355 912 408 1000 477
356 920 408 1008 477
357 920 409 1008 478
358 928 409 1016 478
359 929 410 1017 479
360 936 411 1024 480
361 937 411 1025 480
362 937 411 1025 480
363 937 411 1025 480
364 953 413 1040 481
365 954 413 1042 482
366 961 414 1049 483
367 961 413 1049 482
368 969 414 1057 483
369 970 415 1057 483
370 979 415 1066 483
371 979 416 1066 484
372 988 418 1073 485
373 988 417 1075 485
374 987 417 1074 485
375 988 418 1073 485
376 1005 418 1092 486
377 1005 418 1092 486
378 1013 418 1100 486
379 1013 419 1100 487
380 1021 419 1108 487
381 1021 419 1108 487
382 1029 420 1116 488
383 1030 421 1115 488
384 1038 421 1123 488
385 1038 422 1123 489
386 1039 423 1122 488
387 1039 421 1124 488
388 1057 423 1140 488
389 1056 423 1139 488
390 1065 423 1148 488
391 1065 424 1148 489
392 1073 424 1156 489
393 1074 425 1157 490
394 1081 425 1164 490
395 1081 424 1166 491
396 1089 425 1174 492
397 1089 425 1174 492
398 1090 425 1175 492
399 1089 426 1174 493
400 1107 427 1192 494
401 1107 427 1192 494
402 1116 427 1199 492
403 1116 427 1199 492
404 1125 427 1208 492
405 1125 427 1208 492
406 1133 428 1216 493
407 1133 428 1216 493
408 1142 429 1225 494
409 1142 428 1225 493
410 1141 429 1224 494
411 1142 428 1225 493
412 1159 429 1242 494
413 1159 429 1242 494
414 1168 428 1251 493
415 1168 429 1251 494
416 1177 429 1260 494
417 1176 429 1259 494
418 1186 429 1269 494
419 1185 429 1268 494
420 1194 429 1277 494
421 1194 429 1277 494
422 1194 429 1277 494
423 1193 429 1276 494
424 1211 429 1294 494
425 1211 429 1294 494
426 1220 428 1303 493
427 1219 429 1302 494
428 1228 429 1311 494
429 1229 428 1312 493
430 1237 429 1320 494
431 1238 429 1321 494
432 1246 429 1329 494
433 1246 428 1329 493
434 1246 428 1329 493
435 1246 429 1329 494
436 1263 428 1346 493
437 1263 428 1346 493
438 1271 428 1354 493
439 1271 428 1354 493
440 1280 427 1363 492
441 1281 428 1363 492
442 1290 428 1372 492
443 1289 428 1371 492
444 1297 428 1379 492
445 1298 428 1380 492
446 1298 428 1380 492
447 1298 428 1380 492
448 1314 427 1396 491
449 1314 427 1396 491
450 1322 426 1404 490
451 1322 427 1404 491
452 1330 426 1412 490
453 1330 426 1412 490
454 1338 425 1420 489
455 1339 426 1421 490
456 1348 425 1430 489
457 1348 425 1430 489
458 1347 425 1429 489
459 1347 425 1429 489
460 1364 424 1446 488
461 1364 424 1446 488
462 1371 424 1453 488
463 1372 423 1454 487
464 1379 423 1461 487
465 1379 423 1461 487
466 1387 422 1469 486
467 1387 422 1469 486
468 1396 423 1476 486
469 1396 422 1476 485
470 1397 422 1477 485
471 1396 422 1476 485
472 1413 423 1492 485
473 1415 423 1492 483
474 1422 423 1499 483
475 1422 423 1499 483
476 1430 423 1507 483
477 1429 423 1506 483
478 1437 423 1512 482
479 1437 423 1512 482
480 1446 421 1520 479
481 1446 421 1520 479
482 1446 421 1520 479
483 1446 421 1520 479
484 1465 421 1538 478
485 1465 422 1536 478
486 1471 422 1541 477
487 1472 423 1542 478
488 1480 422 1550 477
489 1480 424 1550 479
490 1497 424 1567 479
491 1498 424 1568 479
492 1498 424 1568 479
493 1497 424 1568 480
494 1497 423 1568 479
495 1497 424 1567 479
496 1497 424 1567 479
497 1497 424 1567 479
498 1497 424 1567 479
499 1497 424 1567 479
500 1498 424 1566 478
501 1498 424 1568 479
502 1497 424 1567 479
503 1497 423 1567 478
504 1497 424 1567 479
505 1498 424 1568 479
506 1498 423 1568 478
507 1498 424 1568 479
508 1498 424 1568 479
509 1498 424 1568 479
510 1497 424 1567 479
511 1497 424 1567 479
512 1497 424 1567 479
513 1497 424 1567 479
514 1498 424 1566 478
515 1497 424 1567 479
516 1497 423 1567 478
517 1497 423 1567 478
518 1497 423 1567 478
519 1497 423 1567 478
520 1497 423 1567 478
521 1497 424 1567 479
522 1497 423 1567 478
523 1497 424 1567 479
524 1497 423 1567 478
525 1497 424 1567 479
526 1497 424 1567 479
527 1497 424 1567 479
528 1497 424 1567 479
529 1497 424 1567 479
530 1497 424 1567 479
531 1498 425 1565 478
532 1498 424 1565 477
533 1498 424 1566 478
534 1497 424 1567 479
535 1497 424 1567 479
536 1497 424 1567 479
537 1497 424 1567 479
538 1497 424 1567 479
539 1497 424 1567 479
540 1497 424 1567 479
541 1497 424 1567 479
542 1497 424 1567 479
543 1497 424 1567 479
544 1497 424 1567 479
545 1497 424 1567 479
546 1497 424 1567 479
547 1497 424 1567 479
548 1498 424 1568 479
549 1498 425 1568 480
550 1498 425 1566 479
551 1498 424 1568 479
552 1497 424 1568 480
553 1498 424 1568 479
554 1498 424 1568 479
555 1498 424 1569 480
556 1498 424 1568 479
557 1498 424 1569 480
558 1498 424 1568 479
559 1498 424 1569 480
560 1498 424 1568 479
561 1497 424 1568 480
562 1498 424 1568 479
563 1498 424 1568 479
564 1498 424 1569 480
565 1498 424 1568 479
566 1498 424 1569 480
567 1498 424 1568 479
568 1498 424 1569 480
569 1498 423 1569 479
570 1498 424 1568 479
571 1498 423 1569 479
572 1498 424 1568 479
573 1498 424 1569 480
574 1498 424 1568 479
575 1498 423 1569 479
576 1498 424 1568 479
577 1498 423 1569 479
578 1498 424 1568 479
579 1498 424 1569 480
580 1498 423 1569 479
581 1498 423 1569 479
582 1498 424 1568 479
583 1498 424 1569 480
584 1498 423 1569 479
585 1498 423 1569 479
586 1498 424 1568 479
587 1498 423 1569 479
588 1498 423 1569 479
589 1497 423 1568 479
590 1498 424 1568 479
591 1498 423 1569 479
592 1498 423 1569 479
593 1498 423 1569 479
594 1498 423 1569 479
595 1498 423 1569 479
596 1498 423 1569 479
597 1498 423 1569 479
598 1498 423 1569 479
599 1498 423 1569 479
600 1498 423 1569 479
601 1498 423 1569 479
602 1498 423 1569 479
603 1498 423 1569 479
604 1498 423 1569 479
605 1498 423 1569 479
606 1498 423 1569 479
607 1498 423 1569 479
608 1497 422 1571 480
609 1498 423 1569 479
610 1498 422 1571 479
611 1498 424 1569 480
612 1498 423 1569 479
613 1497 422 1571 480
614 1498 423 1569 479
615 1498 423 1569 479
616 1497 422 1570 479
617 1498 424 1569 480
618 1498 423 1569 479
619 1497 422 1570 479
620 1498 423 1569 479
621 1498 423 1569 479
622 1499 424 1567 478
623 1498 424 1569 480
624 1498 423 1569 479
625 1498 423 1569 479
626 1499 424 1567 478
627 1498 423 1569 479
