461 -1 -1 -1 -1
0 178 122 74 61
1 173 126 250 181
2 173 127 250 182
3 173 127 250 182
4 175 126 250 181
5 177 128 252 183
6 178 128 253 183
7 188 131 258 187
8 189 131 259 187
9 189 131 259 187
10 187 130 258 187
11 189 130 260 187
12 189 130 260 187
13 191 136 264 192
14 191 135 264 191
15 191 135 264 191
16 192 136 264 192
17 195 138 267 194
18 195 138 267 194
19 199 140 272 199
20 198 141 271 200
21 197 140 270 199
22 199 140 272 200
23 203 143 276 203
24 203 143 276 203
25 205 142 279 203
26 204 141 278 202
27 204 141 278 202
28 205 142 279 203
29 205 143 279 204
30 205 143 279 204
31 210 150 286 210
32 209 151 285 211
33 209 151 285 211
34 210 150 286 210
35 213 153 289 213
36 213 153 289 213
37 217 155 294 217
38 217 156 294 218
39 217 156 294 218
40 217 154 294 217
41 219 156 296 219
42 219 156 296 219
43 224 160 303 226
44 224 160 303 226
45 224 160 303 226
46 224 160 303 226
47 226 161 305 227
48 226 161 305 227
49 231 165 311 231
50 231 164 311 230
51 231 164 311 230
52 231 165 311 230
53 233 167 313 232
54 235 168 315 233
55 238 171 319 235
56 239 171 320 235
57 239 171 320 235
58 238 171 319 235
59 240 172 321 236
60 240 172 321 236
61 246 175 329 241
62 246 174 329 240
63 246 174 329 240
64 247 175 329 241
65 250 176 332 242
66 250 176 332 242
67 254 182 337 250
68 256 182 339 250
69 256 182 339 250
70 254 181 337 250
71 257 182 340 251
72 257 182 340 251
73 263 188 347 260
74 264 188 348 260
75 264 188 348 260
76 262 188 347 260
77 265 190 350 262
78 265 190 350 262
79 271 191 357 266
80 271 190 357 265
81 271 190 357 265
82 270 192 357 266
83 274 194 361 268
84 273 194 360 268
85 278 200 367 273
86 278 202 367 275
87 278 202 367 275
88 278 201 367 273
89 281 203 370 275
90 281 203 370 275
91 287 207 378 282
92 288 208 379 283
93 288 208 379 283
94 288 207 378 281
95 291 209 381 283
96 291 209 381 283
97 295 215 388 286
98 295 215 388 286
99 295 215 388 286
100 295 215 388 286
101 298 217 391 288
102 298 217 391 288
103 304 219 399 294
104 304 220 399 295
105 304 220 399 295
106 304 218 399 293
107 308 220 403 295
108 308 220 403 295
109 314 230 405 304
110 314 229 405 303
111 314 229 405 303
112 314 230 405 303
113 318 233 409 306
114 318 233 409 306
115 325 236 419 311
116 324 236 418 311
117 324 236 418 311
118 324 237 418 311
119 326 240 420 314
120 326 240 420 314
121 334 244 433 320
122 334 244 433 320
123 334 244 433 320
124 334 244 433 320
125 336 247 435 323
126 336 247 435 323
127 344 251 447 330
128 344 251 447 330
129 344 251 447 330
130 343 250 446 330
131 345 253 448 333
132 346 253 449 333
133 356 260 460 338
134 356 259 460 337
135 356 259 460 337
136 356 259 460 338
137 356 261 460 340
138 356 261 460 340
139 366 269 473 346
140 366 270 473 347
141 366 270 473 347
142 366 269 473 347
143 369 272 476 350
144 368 272 475 350
145 378 277 487 362
146 377 277 486 362
147 377 277 486 362
148 378 276 487 361
149 380 281 489 366
150 380 281 489 366
151 390 287 502 372
152 390 287 502 372
153 390 287 502 372
154 390 286 502 371
155 394 288 506 373
156 394 288 506 373
157 420 296 517 384
158 420 296 517 384
159 420 296 517 384
160 422 296 518 384
161 426 299 522 387
162 426 299 522 387
163 422 305 534 395
164 422 304 534 394
165 423 304 535 394
166 422 305 534 395
167 427 308 539 398
168 426 308 538 398
169 430 314 550 407
170 430 313 550 406
171 430 313 550 406
172 429 314 550 407
173 434 318 555 411
174 434 318 555 411
175 441 325 567 420
176 441 325 567 420
177 441 325 567 420
178 441 325 567 421
179 447 327 573 423
180 447 328 573 424
181 457 337 585 435
182 457 337 585 435
183 459 338 587 436
184 457 336 585 435
185 464 340 592 439
186 464 340 592 439
187 471 348 604 448
188 471 349 604 449
189 471 349 604 449
190 471 347 604 448
191 476 351 609 452
192 475 351 608 452
193 487 360 623 464
194 487 360 623 464
195 487 360 623 464
196 487 360 623 464
197 492 364 628 468
198 492 364 628 468
199 504 373 644 479
200 505 373 645 479
201 505 373 645 479
202 504 373 644 479
203 510 377 650 483
204 510 377 650 483
205 520 385 665 494
206 520 385 665 494
207 520 385 665 494
208 520 385 665 494
209 526 391 671 500
210 527 391 672 500
211 531 397 686 511
212 531 397 686 511
213 531 397 686 511
214 533 397 687 511
215 539 402 693 516
216 539 401 693 515
217 557 412 711 530
218 556 412 710 530
219 556 412 710 530
220 557 412 711 530
221 564 418 718 536
222 565 418 719 536
223 576 426 735 550
224 576 426 735 550
225 576 426 735 550
226 576 426 735 550
227 583 433 742 557
228 583 433 742 557
229 597 440 763 571
230 597 440 763 571
231 597 440 763 571
232 597 440 763 571
233 605 447 771 578
234 606 447 772 578
235 618 458 789 592
236 618 458 789 592
237 618 458 789 592
238 618 458 789 592
239 627 465 798 599
240 627 465 798 599
241 640 474 819 614
242 640 474 819 614
243 640 474 819 614
244 640 474 819 614
245 648 481 827 621
246 648 481 827 621
247 663 492 850 640
248 663 492 850 640
249 663 492 850 640
250 663 492 850 640
251 673 497 860 645
252 673 498 860 646
253 689 512 882 664
254 689 512 882 664
255 689 512 882 664
256 689 511 882 664
257 700 519 893 672
258 700 519 893 672
259 716 532 918 694
260 716 532 918 694
261 716 532 918 694
262 716 532 918 694
263 725 541 927 703
264 726 541 928 703
265 743 554 955 724
266 743 554 955 724
267 743 554 955 724
268 743 554 955 724
269 755 563 967 733
270 755 563 967 733
271 772 577 994 755
272 772 577 994 755
273 772 577 994 755
274 772 577 994 754
275 783 589 1005 766
276 785 588 1007 765
277 805 602 1037 790
278 805 602 1037 790
279 805 602 1037 790
280 805 602 1037 790
281 815 609 1047 797
282 817 612 1049 800
283 828 625 1084 827
284 828 625 1084 827
285 828 625 1084 827
286 828 624 1083 827
287 843 635 1098 838
288 842 635 1097 838
289 872 655 1133 870
290 872 655 1133 870
291 872 655 1133 870
292 872 655 1134 870
293 884 664 1146 879
294 885 664 1147 879
295 912 687 1187 879
296 912 686 1187 878
297 912 686 1187 878
298 912 687 1187 879
299 928 687 1203 879
300 928 687 1203 879
301 954 717 1358 879
302 954 716 1358 878
303 954 716 1358 878
304 951 719 1240 879
305 971 719 1260 879
306 970 719 1259 879
307 997 752 1280 879
308 996 751 1279 878
309 996 751 1279 878
310 998 753 1281 879
311 1005 753 1288 879
312 1007 752 1290 878
313 1045 790 1296 879
314 1045 789 1296 878
315 1045 789 1296 878
316 1045 790 1296 879
317 1064 790 1315 879
318 1064 790 1315 879
319 1087 790 1338 879
320 1087 789 1338 878
321 1087 790 1338 879
322 1088 790 1339 879
323 1089 790 1340 879
324 1091 790 1342 879
325 1092 790 1343 879
326 1092 790 1343 879
327 1092 790 1343 879
328 1091 789 1342 878
329 1094 790 1345 879
330 1094 790 1345 879
331 1091 789 1342 878
332 1093 790 1344 879
333 1093 790 1344 879
334 1093 790 1344 879
335 1093 790 1344 879
336 1093 790 1344 879
337 1093 790 1344 879
338 1093 790 1344 879
339 1094 790 1345 879
340 1094 790 1345 879
341 1094 790 1345 879
342 1097 790 1348 879
343 1094 790 1345 879
344 1092 789 1343 878
345 1095 790 1346 879
346 1095 790 1346 879
347 1094 790 1345 879
348 1095 790 1346 879
349 1094 789 1345 878
350 1094 790 1345 879
351 1094 789 1345 878
352 1093 789 1344 878
353 1093 790 1344 879
354 1093 790 1344 879
355 1095 789 1346 878
356 1094 790 1345 879
357 1094 789 1345 878
358 1093 789 1344 878
359 1094 789 1345 878
360 1094 790 1345 879
361 1094 790 1345 879
362 1094 789 1345 878
363 1094 789 1345 878
364 1094 789 1345 878
365 1094 789 1345 878
366 1094 789 1345 878
367 1094 789 1345 878
368 1094 789 1345 878
369 1094 789 1345 878
370 1094 789 1345 878
371 1094 789 1345 878
372 1094 789 1345 878
373 1094 790 1345 879
374 1093 789 1344 878
375 1094 789 1345 878
376 1094 789 1345 878
377 1094 789 1345 878
378 1094 789 1345 878
379 1093 789 1344 878
380 1093 789 1344 878
381 1094 790 1345 879
382 1094 789 1345 878
383 1094 789 1345 878
384 1094 789 1345 878
385 1094 789 1345 878
386 1094 789 1345 878
387 1093 789 1344 878
388 1093 789 1344 878
389 1093 789 1344 878
390 1093 789 1344 878
391 1094 790 1345 879
392 1094 790 1345 879
393 1093 789 1344 878
394 1093 789 1344 878
395 1093 789 1344 878
396 1093 789 1344 878
397 1093 789 1344 878
398 1093 789 1344 878
399 1093 789 1344 878
400 1093 789 1344 878
401 1093 789 1344 878
402 1093 789 1344 878
403 1093 789 1344 878
404 1093 789 1344 878
405 1093 789 1344 878
406 1093 789 1344 878
407 1093 789 1344 878
408 1093 789 1344 878
409 1093 789 1344 878
410 1093 789 1344 878
411 1093 789 1344 878
412 1093 789 1344 878
413 1093 789 1344 878
414 1093 789 1344 878
415 1093 789 1344 878
416 1093 789 1344 878
417 1093 789 1344 878
418 1093 789 1344 878
419 1093 789 1344 878
420 1093 788 1344 877
421 1092 788 1343 877
422 1093 789 1344 878
423 1093 789 1344 878
424 1093 789 1344 878
425 1093 789 1344 878
426 1093 789 1344 878
427 1093 789 1344 878
428 1093 789 1344 878
429 1093 789 1344 878
430 1094 789 1345 878
431 1093 789 1344 878
432 1093 789 1344 878
433 1093 789 1344 878
434 1093 789 1344 878
435 1093 789 1344 878
436 1093 789 1344 878
437 1093 789 1344 878
438 1094 789 1345 878
439 1093 789 1344 878
440 1093 789 1344 878
441 1093 789 1344 878
442 1093 789 1344 878
443 1093 789 1344 878
444 1093 789 1344 878
445 1092 786 1343 875
446 1093 788 1344 877
447 1093 788 1344 877
448 1093 789 1344 878
449 1094 789 1345 878
450 1094 789 1345 878
451 944 746 1166 878
452 944 746 1166 878
453 944 746 1166 878
454 943 746 1166 878
455 966 747 1189 879
456 966 746 1189 878
457 991 786 1203 879
458 991 785 1203 878
459 991 785 1203 878
460 991 785 1202 878
