511 -1 -1 -1 -1
0 505 311 94 71
1 505 311 599 374
2 505 311 599 374
3 506 311 600 374
4 505 312 599 375
5 506 313 600 376
6 506 313 600 376
7 504 311 601 375
8 504 311 601 375
9 504 311 601 375
10 504 311 601 375
11 505 312 602 376
12 505 312 602 376
13 504 311 601 376
14 503 311 600 376
15 503 311 600 376
16 505 311 602 376
17 505 312 602 377
18 505 312 602 377
19 505 312 604 377
20 506 312 605 377
21 506 313 605 378
22 505 312 604 377
23 506 312 605 377
24 506 312 605 377
25 505 312 605 378
26 505 313 605 379
27 506 313 606 379
28 505 311 606 378
29 504 310 605 377
30 504 310 605 377
31 507 314 607 380
32 507 314 607 380
33 507 314 607 380
34 509 314 607 379
35 509 314 607 379
36 509 314 607 379
37 516 317 607 381
38 515 317 606 381
39 516 318 607 382
40 515 317 608 381
41 514 319 607 383
42 514 319 607 383
43 519 319 611 383
44 519 318 611 382
45 519 318 611 382
46 519 319 611 383
47 518 319 610 383
48 518 319 610 383
49 520 320 612 384
50 520 320 612 384
51 521 320 613 384
52 521 320 612 384
53 521 319 612 383
54 521 319 612 383
55 524 322 615 386
56 522 321 613 385
57 522 321 613 385
58 524 322 615 386
59 526 322 617 386
60 526 322 617 386
61 525 322 618 387
62 525 322 618 387
63 526 322 619 387
64 526 323 619 388
65 528 324 621 389
66 528 324 621 389
67 529 324 622 389
68 529 326 622 391
69 529 326 622 391
70 529 324 622 390
71 529 324 622 390
72 529 324 622 390
73 531 327 624 391
74 531 328 624 392
75 532 329 625 393
76 532 328 625 392
77 534 328 627 392
78 534 329 627 393
79 534 330 628 394
80 534 330 628 394
81 534 330 628 394
82 534 330 627 394
83 535 330 628 394
84 534 331 627 395
85 537 332 631 396
86 537 333 631 397
87 539 335 633 399
88 539 332 633 397
89 539 332 633 397
90 540 332 634 397
91 542 335 643 401
92 542 335 643 401
93 542 335 643 401
94 542 335 644 401
95 543 336 645 402
96 543 336 645 402
97 544 336 643 404
98 544 337 643 405
99 546 338 645 406
100 546 336 644 405
101 548 338 646 407
102 548 338 646 407
103 549 339 647 406
104 549 339 647 406
105 549 339 647 406
106 549 339 647 406
107 550 340 648 407
108 550 340 648 407
109 552 340 648 407
110 553 340 649 407
111 555 341 651 408
112 553 341 648 408
113 555 343 650 410
114 555 343 650 410
115 558 344 652 411
116 558 343 652 410
117 558 343 652 410
118 558 344 651 411
119 561 345 654 412
120 560 345 653 412
121 561 346 653 414
122 561 345 653 413
123 564 346 656 414
124 563 347 653 415
125 566 349 656 417
126 566 349 656 417
127 569 350 683 418
128 569 350 683 418
129 569 350 683 418
130 568 350 683 418
131 570 351 685 419
132 571 351 686 419
133 573 352 687 420
134 573 352 687 420
135 572 353 686 421
136 574 353 691 420
137 575 354 692 421
138 575 354 692 421
139 581 356 702 423
140 581 357 702 424
141 581 357 702 424
142 582 356 703 423
143 585 358 706 425
144 585 358 706 425
145 585 358 706 427
146 585 358 706 427
147 587 359 708 428
148 589 359 711 429
149 592 359 714 429
150 592 359 714 429
151 599 361 724 432
152 598 361 723 432
153 598 361 723 432
154 599 361 724 432
155 600 362 725 433
156 600 362 725 433
157 604 363 734 434
158 604 363 734 434
159 606 364 736 435
160 609 365 739 435
161 610 365 740 435
162 611 365 741 435
163 613 368 751 438
164 613 368 751 438
165 612 367 750 437
166 614 368 751 438
167 617 369 754 439
168 618 370 755 440
169 625 369 763 441
170 625 369 763 441
171 629 369 767 441
172 613 371 767 442
173 616 373 770 444
174 616 372 770 443
175 643 375 783 447
176 644 375 784 447
177 644 375 784 447
178 643 375 782 447
179 647 376 786 448
180 647 377 786 449
181 669 377 795 449
182 669 377 795 449
183 675 379 801 451
184 668 377 802 450
185 673 378 807 451
186 673 378 807 451
187 671 381 820 455
188 672 381 821 455
189 672 381 821 455
190 672 381 821 455
191 676 382 825 456
192 677 382 826 456
193 681 385 831 457
194 680 385 830 457
195 686 386 836 458
196 686 386 838 458
197 692 387 844 459
198 692 387 844 459
199 704 391 859 461
200 704 391 859 461
201 704 391 859 461
202 704 391 859 461
203 712 392 867 462
204 712 392 867 462
205 716 392 871 463
206 716 392 871 463
207 722 393 877 464
208 723 392 879 464
209 728 393 884 465
210 728 393 884 465
211 741 395 900 467
212 745 396 904 468
213 745 396 904 468
214 741 395 900 467
215 746 395 905 467
216 747 395 906 467
217 755 397 917 468
218 755 397 917 468
219 761 398 923 469
220 761 399 925 471
221 768 400 932 472
222 769 400 933 472
223 784 402 948 474
224 784 402 948 474
225 784 402 948 474
226 783 402 948 474
227 791 404 956 476
228 791 403 956 475
229 798 403 963 475
230 798 403 963 475
231 807 404 972 476
232 805 403 972 476
233 813 404 980 477
234 813 404 980 477
235 829 406 997 478
236 829 406 997 478
237 829 406 997 478
238 830 406 998 478
239 838 408 1006 480
240 838 408 1006 480
241 845 408 1015 479
242 844 409 1014 480
243 853 409 1023 480
244 853 409 1023 480
245 862 410 1032 481
246 862 410 1032 481
247 876 411 1050 482
248 876 411 1050 482
249 876 411 1050 482
250 876 411 1049 482
251 886 412 1059 483
252 886 412 1059 483
253 895 413 1066 483
254 895 412 1066 482
255 904 413 1075 483
256 905 413 1077 485
257 914 415 1086 487
258 914 415 1086 487
259 930 416 1104 486
260 930 417 1104 487
261 930 417 1104 487
262 930 416 1104 486
263 940 416 1114 486
264 940 416 1114 486
265 948 415 1121 486
266 948 415 1121 486
267 957 415 1130 486
268 958 417 1131 487
269 966 417 1139 487
270 966 417 1139 487
271 985 418 1159 487
272 985 418 1159 487
273 985 418 1159 487
274 986 418 1160 487
275 994 418 1168 487
276 995 419 1169 488
277 1004 418 1178 487
278 1004 418 1178 487
279 1012 418 1186 487
280 1013 419 1187 487
281 1023 419 1197 487
282 1023 419 1197 487
283 1040 420 1216 487
284 1040 420 1216 487
285 1040 420 1216 487
286 1040 420 1215 487
287 1049 420 1224 487
288 1049 420 1224 487
289 1059 419 1232 487
290 1059 419 1232 487
291 1070 418 1243 486
292 1069 419 1243 487
293 1080 418 1254 486
294 1080 419 1254 487
295 1098 420 1272 486
296 1099 420 1273 486
297 1099 420 1273 486
298 1097 420 1270 486
299 1106 420 1279 486
300 1106 420 1279 486
301 1116 420 1289 485
302 1116 421 1289 486
303 1126 421 1299 486
304 1126 420 1299 486
305 1134 419 1307 485
306 1134 420 1307 486
307 1155 420 1327 486
308 1155 420 1327 486
309 1155 420 1327 486
310 1155 420 1327 486
311 1164 420 1336 486
312 1165 420 1337 486
313 1174 418 1345 485
314 1173 418 1344 485
315 1185 420 1356 487
316 1184 417 1353 484
317 1195 417 1364 484
318 1194 416 1363 483
319 1214 416 1383 483
320 1215 416 1384 483
321 1215 416 1384 483
322 1214 416 1383 483
323 1222 415 1391 482
324 1223 415 1392 482
325 1233 415 1402 482
326 1233 414 1402 481
327 1242 414 1411 481
328 1243 416 1411 481
329 1253 416 1421 481
330 1253 416 1421 481
331 1272 414 1440 480
332 1272 414 1440 480
333 1272 414 1440 480
334 1272 414 1440 479
335 1281 415 1449 480
336 1282 414 1450 479
337 1291 413 1457 479
338 1292 414 1458 480
339 1302 413 1468 479
340 1301 413 1467 478
341 1309 413 1475 478
342 1310 413 1476 478
343 1329 411 1479 476
344 1329 411 1479 476
345 1330 411 1480 476
346 1329 411 1479 476
347 1336 408 1486 473
348 1338 411 1488 476
349 1349 409 1500 476
350 1349 408 1500 475
351 1358 408 1509 475
352 1358 409 1504 475
353 1365 408 1511 474
354 1366 408 1512 474
355 1387 408 1502 472
356 1388 407 1503 471
357 1388 407 1503 471
358 1387 408 1502 472
359 1390 409 1505 473
360 1390 409 1505 473
361 1407 405 1507 470
362 1409 405 1509 470
363 1411 404 1511 469
364 1416 404 1505 470
365 1418 404 1507 470
366 1418 404 1507 470
367 1444 403 1606 462
368 1444 404 1606 463
369 1444 404 1606 463
370 1444 403 1606 463
371 1445 404 1607 464
372 1445 403 1607 463
373 1460 402 1623 462
374 1460 401 1623 461
375 1463 399 1626 459
376 1568 408 1632 458
377 1577 409 1641 459
378 1577 408 1641 458
379 1556 401 1661 455
380 1556 401 1661 455
381 1556 401 1661 455
382 1555 401 1661 455
383 1564 400 1670 454
384 1564 400 1670 454
385 1560 399 1682 458
386 1560 399 1682 458
387 1563 398 1685 457
388 1570 400 1689 459
389 1580 398 1699 457
390 1580 400 1699 459
391 1567 393 1717 457
392 1567 393 1717 457
393 1567 393 1717 457
394 1567 393 1717 457
395 1576 392 1726 456
396 1576 392 1726 456
397 1581 390 1734 454
398 1582 390 1735 454
399 1591 389 1744 453
400 1590 390 1743 454
401 1601 390 1754 454
402 1602 390 1755 454
403 1619 387 1771 450
404 1619 388 1771 451
405 1619 388 1771 451
406 1619 387 1771 450
407 1628 387 1780 450
408 1628 386 1780 449
409 1637 385 1792 448
410 1636 385 1791 448
411 1642 385 1797 448
412 1648 385 1800 447
413 1654 384 1806 446
414 1654 384 1806 446
415 1675 380 1826 443
416 1675 380 1826 443
417 1676 380 1827 443
418 1675 380 1826 443
419 1687 379 1838 442
420 1687 379 1838 442
421 1696 379 1845 442
422 1696 379 1845 442
423 1706 378 1855 441
424 1705 379 1856 441
425 1715 378 1866 440
426 1715 378 1866 440
427 1733 376 1884 438
428 1732 376 1883 438
429 1732 376 1883 438
430 1733 376 1885 438
431 1742 376 1894 438
432 1742 375 1894 437
433 1754 374 1902 434
434 1754 374 1902 434
435 1765 374 1913 434
436 1762 372 1911 433
437 1770 371 1919 432
438 1770 371 1919 432
439 1791 369 1919 430
440 1790 369 1918 430
441 1790 369 1918 430
442 1791 369 1919 430
443 1791 369 1919 430
444 1791 369 1919 430
445 1811 367 1919 428
446 1811 367 1919 428
447 1811 345 1919 406
448 1821 366 1919 427
449 1821 366 1919 427
450 1821 365 1919 426
451 1849 362 1919 423
452 1848 362 1918 423
453 1847 362 1917 423
454 1849 362 1919 423
455 1849 360 1919 421
456 1849 361 1919 422
457 1867 363 1919 418
458 1867 364 1919 419
459 1867 364 1919 419
460 1877 362 1919 415
461 1873 361 1915 414
462 1876 360 1918 413
463 1875 345 1917 398
464 1877 345 1919 398
465 1877 345 1919 398
466 1877 345 1919 398
467 1862 347 1904 400
468 1863 347 1905 400
469 1862 348 1904 401
470 1861 346 1903 399
471 1861 346 1903 399
472 1862 345 1904 398
473 1864 347 1906 400
474 1864 347 1906 400
475 1862 346 1904 399
476 1862 345 1904 398
477 1863 347 1905 400
478 1862 346 1904 399
479 1863 346 1905 399
480 1862 344 1904 397
481 1863 346 1905 399
482 1865 346 1907 399
483 1865 346 1907 399
484 1865 345 1907 398
485 1865 348 1907 401
486 1867 345 1909 398
487 1864 347 1906 400
488 1866 346 1908 399
489 1865 348 1907 401
490 1865 349 1907 402
491 1865 348 1907 401
492 1863 348 1905 401
493 1865 346 1907 399
494 1863 347 1905 400
495 1864 347 1906 400
496 1865 348 1907 401
497 1864 348 1906 401
498 1864 348 1906 401
499 1863 347 1905 400
500 1863 347 1905 400
501 1863 347 1905 400
502 1863 347 1905 400
503 1863 347 1905 400
504 1863 347 1905 400
505 1862 347 1904 400
506 1864 347 1906 400
507 1863 347 1905 400
508 1862 347 1904 400
509 1863 347 1905 400
510 1863 347 1905 400
