409 -1 -1 -1 -1
0 1495 721 235 130
1 1495 722 1730 852
2 1486 717 1721 847
3 1486 717 1721 847
4 1486 717 1721 847
5 1486 717 1721 847
6 1473 708 1699 833
7 1472 708 1698 833
8 1462 704 1688 829
9 1463 704 1689 829
10 1453 698 1679 823
11 1456 700 1677 823
12 1445 695 1671 820
13 1448 695 1669 818
14 1441 691 1658 811
15 1441 692 1658 812
16 1441 692 1658 812
17 1442 692 1659 812
18 1428 682 1641 800
19 1428 683 1641 801
20 1427 684 1640 802
21 1419 678 1632 796
22 1419 678 1632 796
23 1413 675 1622 790
24 1413 675 1622 790
25 1404 670 1613 785
26 1405 670 1614 785
27 1398 666 1607 781
28 1400 668 1605 781
29 1400 668 1605 781
30 1388 660 1589 771
31 1388 661 1589 772
32 1379 657 1584 770
33 1379 657 1584 770
34 1373 652 1574 763
35 1376 654 1573 763
36 1366 650 1567 761
37 1367 650 1568 761
38 1362 646 1559 755
39 1364 647 1557 754
40 1364 647 1557 754
41 1364 648 1557 755
42 1353 640 1542 745
43 1355 641 1540 744
44 1348 638 1533 741
45 1348 638 1533 741
46 1343 634 1525 734
47 1344 635 1526 735
48 1342 635 1517 732
49 1342 634 1517 731
50 1334 629 1512 728
51 1337 631 1508 726
52 1334 629 1512 728
53 1335 629 1510 726
54 1326 624 1497 719
55 1330 625 1495 716
56 1324 623 1489 714
57 1324 623 1489 714
58 1318 619 1483 710
59 1321 619 1482 708
60 1313 616 1478 707
61 1315 616 1476 705
62 1314 617 1469 703
63 1315 617 1467 701
64 1315 616 1467 700
65 1315 616 1467 700
66 1306 610 1455 692
67 1306 610 1455 692
68 1307 610 1456 692
69 1303 609 1449 690
70 1295 602 1444 684
71 1296 604 1445 686
72 1298 605 1444 686
73 1293 601 1439 682
74 1293 601 1433 679
75 1294 601 1432 677
76 1294 601 1432 677
77 1294 601 1432 677
78 1285 595 1423 671
79 1286 596 1421 671
80 1284 594 1416 667
81 1284 593 1416 666
82 1281 592 1411 664
83 1283 592 1410 662
84 1278 589 1405 659
85 1278 589 1405 659
86 1275 587 1402 657
87 1274 586 1401 656
88 1275 586 1402 656
89 1274 586 1401 656
90 1268 580 1393 649
91 1269 582 1391 650
92 1266 579 1386 645
93 1267 579 1387 645
94 1264 577 1384 643
95 1263 577 1383 643
96 1262 574 1382 640
97 1260 574 1380 640
98 1258 571 1378 637
99 1258 571 1378 637
100 1258 571 1378 637
101 1257 571 1377 637
102 1250 564 1372 632
103 1250 564 1372 632
104 1248 562 1370 630
105 1247 561 1369 629
106 1244 558 1366 626
107 1244 558 1366 626
108 1244 558 1366 626
109 1241 556 1363 624
110 1241 556 1363 624
111 1238 553 1360 621
112 1238 553 1360 621
113 1238 553 1360 621
114 1234 548 1354 614
115 1235 549 1353 614
116 1235 547 1350 611
117 1235 547 1350 611
118 1235 546 1348 608
119 1235 545 1346 606
120 1234 543 1345 604
121 1235 544 1344 604
122 1233 542 1342 602
123 1233 542 1342 602
124 1233 541 1342 601
125 1233 541 1342 601
126 1229 537 1338 597
127 1229 537 1338 597
128 1228 534 1337 594
129 1228 534 1337 594
130 1227 532 1333 591
131 1228 532 1332 590
132 1228 530 1330 587
133 1229 531 1329 586
134 1229 529 1327 583
135 1230 530 1326 583
136 1231 530 1327 583
137 1231 530 1327 583
138 1227 524 1325 578
139 1226 524 1324 578
140 1225 522 1323 576
141 1225 522 1323 576
142 1225 522 1323 576
143 1223 519 1323 574
144 1223 519 1323 574
145 1221 517 1321 572
146 1222 517 1322 572
147 1221 513 1321 568
148 1221 514 1321 569
149 1221 514 1321 569
150 1220 509 1320 564
151 1219 509 1319 564
152 1219 507 1319 562
153 1220 508 1318 562
154 1219 506 1317 560
155 1219 506 1317 560
156 1219 504 1317 558
157 1219 503 1317 557
158 1219 501 1317 555
159 1219 501 1317 555
160 1219 501 1317 555
161 1219 501 1317 555
162 1218 496 1316 550
163 1219 496 1317 550
164 1219 494 1317 548
165 1218 494 1316 548
166 1219 492 1317 546
167 1219 492 1317 546
168 1219 490 1317 544
169 1219 490 1317 544
170 1220 488 1316 541
171 1220 488 1316 541
172 1220 489 1316 542
173 1221 488 1317 541
174 1222 484 1318 537
175 1222 484 1318 537
176 1222 483 1318 536
177 1223 482 1319 535
178 1223 482 1319 535
179 1223 481 1319 534
180 1224 478 1320 531
181 1225 479 1320 531
182 1226 479 1321 531
183 1227 477 1322 529
184 1228 478 1321 529
185 1229 478 1322 529
186 1231 474 1324 525
187 1232 474 1323 524
188 1232 472 1323 522
189 1233 472 1324 522
190 1233 469 1324 519
191 1234 469 1325 519
192 1236 468 1327 518
193 1237 468 1326 517
194 1239 466 1328 515
195 1239 466 1328 515
196 1239 467 1328 516
197 1239 466 1328 515
198 1242 462 1331 511
199 1243 463 1330 511
200 1246 462 1333 510
201 1246 461 1333 509
202 1249 460 1336 508
203 1249 460 1336 508
204 1251 458 1338 506
205 1251 458 1338 506
206 1254 456 1341 504
207 1254 456 1341 504
208 1254 456 1341 504
209 1253 456 1340 504
210 1259 451 1346 499
211 1259 452 1346 500
212 1260 452 1347 500
213 1261 449 1348 497
214 1262 450 1349 498
215 1265 448 1352 496
216 1269 446 1356 494
217 1268 446 1355 494
218 1273 444 1359 491
219 1273 444 1359 491
220 1272 444 1358 491
221 1272 444 1358 491
222 1278 440 1364 487
223 1278 440 1364 487
224 1282 438 1368 485
225 1283 439 1369 486
226 1286 437 1372 484
227 1286 437 1372 484
228 1290 436 1376 483
229 1290 436 1376 483
230 1295 434 1379 480
231 1297 435 1379 481
232 1297 435 1379 481
233 1298 436 1379 481
234 1306 433 1387 478
235 1306 432 1387 477
236 1310 432 1391 477
237 1310 432 1391 477
238 1314 430 1395 475
239 1316 431 1395 475
240 1319 428 1398 472
241 1319 429 1398 473
242 1324 427 1403 471
243 1324 427 1403 471
244 1324 428 1402 471
245 1324 427 1403 471
246 1323 427 1402 471
247 1333 424 1412 468
248 1333 424 1412 468
249 1337 422 1416 466
250 1338 423 1416 466
251 1343 422 1421 465
252 1348 420 1426 463
253 1348 420 1426 463
254 1348 421 1426 464
255 1355 419 1431 461
256 1355 420 1431 462
257 1356 421 1431 462
258 1355 420 1431 462
259 1366 418 1441 459
260 1366 418 1441 459
261 1373 417 1446 457
262 1378 415 1451 455
263 1377 415 1452 456
264 1383 414 1458 455
265 1383 414 1458 455
266 1389 413 1462 453
267 1388 413 1463 454
268 1389 413 1462 453
269 1389 413 1462 453
270 1402 410 1474 450
271 1401 411 1473 451
272 1406 410 1479 450
273 1406 410 1479 450
274 1411 408 1486 449
275 1410 408 1486 450
276 1432 387 1508 429
277 1432 386 1508 428
278 1433 386 1509 428
279 1433 386 1509 428
280 1433 386 1509 428
281 1433 387 1509 429
282 1433 386 1509 428
283 1433 386 1509 428
284 1433 386 1509 428
285 1432 386 1508 428
286 1432 386 1508 428
287 1432 386 1508 428
288 1432 386 1508 428
289 1432 386 1508 428
290 1432 386 1508 428
291 1432 386 1508 428
292 1432 387 1508 429
293 1432 387 1508 429
294 1432 387 1508 429
295 1432 387 1508 429
296 1432 387 1508 429
297 1432 387 1508 429
298 1432 387 1508 429
299 1432 387 1508 429
300 1432 387 1510 430
301 1430 385 1511 430
302 1431 386 1510 430
303 1430 385 1511 430
304 1431 386 1510 430
305 1432 387 1508 429
306 1431 387 1509 430
307 1430 386 1511 431
308 1431 387 1510 431
309 1431 386 1510 430
310 1429 385 1510 430
311 1431 387 1510 431
312 1431 386 1510 430
313 1429 385 1510 430
314 1431 387 1510 431
315 1431 386 1510 430
316 1429 386 1510 431
317 1431 387 1510 431
318 1430 386 1511 431
319 1431 387 1510 431
320 1431 386 1510 430
321 1430 386 1511 431
322 1431 386 1510 430
323 1431 386 1510 430
324 1429 385 1511 431
325 1431 387 1510 431
326 1430 386 1511 431
327 1431 387 1510 431
328 1431 387 1510 431
329 1431 387 1510 431
330 1430 386 1511 431
331 1432 388 1510 431
332 1431 386 1510 430
333 1431 387 1510 431
334 1430 386 1511 431
335 1431 387 1510 431
336 1432 388 1510 431
337 1431 387 1510 431
338 1430 386 1511 431
339 1432 388 1510 431
340 1431 387 1510 431
341 1431 387 1510 431
342 1431 387 1510 431
343 1430 387 1511 432
344 1432 388 1510 431
345 1431 387 1510 431
346 1431 387 1510 431
347 1430 387 1509 431
348 1429 386 1511 432
349 1431 387 1510 431
350 1429 386 1510 431
351 1432 388 1510 431
352 1431 387 1510 431
353 1431 387 1510 431
354 1431 388 1509 431
355 1430 386 1511 431
356 1432 388 1510 431
357 1431 387 1510 431
358 1431 387 1510 431
359 1431 388 1509 431
360 1430 386 1511 431
361 1432 388 1510 431
362 1431 387 1510 431
363 1431 388 1509 431
364 1430 387 1509 431
365 1429 387 1510 432
366 1432 388 1510 431
367 1432 388 1510 431
368 1431 387 1510 431
369 1430 387 1511 432
370 1432 388 1510 431
371 1432 388 1510 431
372 1431 387 1510 431
373 1431 388 1509 431
374 1431 387 1510 431
375 1431 388 1509 431
376 1430 386 1511 431
377 1432 388 1510 431
378 1432 388 1510 431
379 1431 387 1510 431
380 1432 388 1510 431
381 1431 387 1510 431
382 1432 388 1510 431
383 1431 387 1510 431
384 1432 388 1510 431
385 1431 387 1510 431
386 1431 388 1509 431
387 1431 388 1509 431
388 1431 387 1510 431
389 1431 388 1509 431
390 1431 387 1510 431
391 1431 388 1509 431
392 1431 388 1509 431
393 1431 388 1509 431
394 1431 387 1510 431
395 1429 387 1511 433
396 1432 388 1510 431
397 1432 388 1510 431
398 1431 387 1510 431
399 1431 388 1509 431
400 1431 388 1509 431
401 1431 387 1510 431
402 1431 388 1509 431
403 1431 388 1509 431
404 1431 388 1509 431
405 1431 387 1510 431
406 1431 388 1509 431
407 1431 388 1509 431
408 1431 388 1509 431
