492 -1 -1 -1 -1
0 164 120 78 55
1 164 120 242 175
2 168 123 246 178
3 168 123 246 178
4 170 124 248 179
5 169 124 249 180
6 170 124 250 180
7 170 124 250 180
8 169 124 253 184
9 173 126 253 182
10 173 126 254 183
11 174 127 254 183
12 174 127 255 184
13 174 127 255 184
14 178 130 259 187
15 178 130 259 187
16 180 132 260 188
17 181 132 261 188
18 184 134 260 188
19 182 134 262 190
20 185 135 263 190
21 185 135 265 191
22 186 136 267 193
23 186 136 267 193
24 185 136 266 193
25 186 136 267 193
26 189 138 272 196
27 189 139 272 197
28 192 141 275 199
29 192 141 275 199
30 194 142 277 200
31 194 142 277 200
32 196 143 279 201
33 195 143 279 203
34 197 144 281 204
35 197 145 280 203
36 197 144 281 204
37 198 145 281 203
38 203 148 286 206
39 202 149 285 207
40 204 150 288 210
41 204 150 287 208
42 206 151 290 211
43 205 151 291 212
44 208 153 291 211
45 208 153 291 211
46 211 154 295 214
47 210 154 294 214
48 210 154 294 214
49 210 154 294 214
50 214 157 300 218
51 214 157 300 218
52 216 159 302 220
53 216 158 302 219
54 218 160 306 222
55 218 161 304 222
56 220 161 308 223
57 219 161 307 223
58 224 164 308 224
59 223 164 311 226
60 224 165 308 225
61 224 165 308 225
62 227 167 315 229
63 226 166 316 229
64 228 168 319 232
65 229 168 319 231
66 230 170 320 233
67 230 170 320 233
68 233 171 323 234
69 232 171 323 235
70 234 172 325 236
71 235 173 326 237
72 235 173 326 237
73 235 173 326 237
74 241 178 331 241
75 241 178 331 241
76 243 179 333 242
77 244 180 332 242
78 245 180 336 244
79 246 182 336 245
80 248 183 338 246
81 247 182 340 248
82 249 184 342 250
83 251 185 341 248
84 250 185 341 249
85 251 186 341 249
86 255 188 348 254
87 254 187 349 254
88 258 191 349 255
89 257 190 350 256
90 259 191 354 258
91 260 192 353 258
92 261 193 356 260
93 262 194 355 260
94 264 194 361 262
95 265 196 360 263
96 265 196 360 263
97 265 196 358 262
98 271 200 364 266
99 271 200 364 266
100 273 201 368 268
101 273 202 368 269
102 275 204 372 272
103 276 205 371 272
104 278 206 375 274
105 278 207 375 275
106 281 209 378 277
107 283 210 376 276
108 282 209 375 275
109 282 209 375 275
110 286 212 385 282
111 287 213 384 281
112 290 216 385 283
113 290 215 385 282
114 292 216 391 286
115 292 217 391 287
116 296 220 393 288
117 294 219 393 289
118 299 223 396 291
119 299 222 396 290
120 299 223 396 291
121 299 223 396 291
122 305 228 402 296
123 305 227 402 295
124 308 229 407 299
125 307 229 406 299
126 311 232 410 302
127 311 233 408 301
128 314 234 413 304
129 314 234 413 304
130 315 235 416 306
131 317 236 416 306
132 317 236 416 306
133 317 237 414 305
134 324 242 421 310
135 323 242 420 310
136 325 243 424 313
137 325 243 426 314
138 328 245 429 316
139 328 245 429 316
140 333 248 430 316
141 332 248 433 319
142 334 250 435 321
143 335 251 436 322
144 335 251 436 322
145 335 251 436 322
146 341 255 444 328
147 341 256 444 329
148 344 258 449 332
149 344 258 449 332
150 347 259 452 333
151 347 260 452 334
152 351 262 456 336
153 351 263 456 337
154 355 266 458 339
155 354 266 459 340
156 354 265 461 341
157 354 265 461 341
158 361 271 468 347
159 362 271 469 347
160 365 273 474 350
161 365 272 474 349
162 369 275 480 354
163 370 276 481 355
164 372 278 483 357
165 372 278 483 357
166 374 279 488 359
167 375 280 489 360
168 375 280 489 360
169 375 280 489 360
170 380 285 496 367
171 379 285 495 367
172 382 287 498 369
173 383 288 499 370
174 384 290 502 373
175 384 289 505 374
176 391 294 509 377
177 390 294 508 377
178 396 298 512 380
179 397 299 513 381
180 397 299 513 381
181 397 299 513 381
182 406 306 522 388
183 408 307 522 387
184 411 308 527 390
185 410 308 528 391
186 414 309 532 392
187 413 310 531 393
188 418 314 536 397
189 418 315 536 398
190 421 316 542 401
191 421 317 542 402
192 421 317 542 402
193 421 317 542 402
194 430 323 551 408
195 430 324 551 409
196 435 327 553 410
197 434 327 555 412
198 438 330 561 417
199 439 331 562 418
200 442 333 565 420
201 443 334 566 421
202 447 338 570 425
203 448 338 571 425
204 447 338 570 425
205 448 338 571 425
206 457 345 580 432
207 458 346 581 433
208 463 349 584 434
209 463 350 586 437
210 468 354 591 441
211 467 354 590 441
212 472 357 597 445
213 472 357 597 445
214 478 363 603 451
215 477 363 602 451
216 478 363 601 450
217 478 363 601 450
218 486 370 611 458
219 488 370 613 458
220 494 375 619 463
221 493 375 618 463
222 499 381 624 469
223 499 381 622 468
224 504 384 629 472
225 504 384 629 472
226 510 388 638 478
227 509 388 637 478
228 510 389 635 477
229 510 388 635 476
230 520 396 648 486
231 519 396 650 488
232 526 402 654 492
233 526 402 654 492
234 534 408 659 496
235 533 408 658 496
236 540 413 665 501
237 539 412 667 502
238 547 418 672 506
239 546 418 671 506
240 545 417 673 507
241 545 417 673 507
242 557 426 685 516
243 556 425 687 517
244 563 431 694 523
245 562 430 693 522
246 569 436 700 528
247 570 437 698 527
248 578 443 706 533
249 577 443 705 533
250 583 448 714 540
251 582 447 713 539
252 582 447 713 539
253 580 446 713 540
254 595 458 728 552
255 595 458 728 552
256 603 465 736 559
257 602 464 735 558
258 610 471 743 565
259 610 471 741 563
260 615 475 751 571
261 615 475 751 571
262 623 481 759 577
263 622 480 761 578
264 622 480 761 578
265 621 480 760 578
266 637 493 776 591
267 637 493 776 591
268 645 500 784 598
269 646 501 782 597
270 654 508 790 604
271 653 507 789 603
272 660 513 799 611
273 661 513 800 611
274 669 521 808 619
275 669 520 808 618
276 670 520 809 618
277 669 520 808 618
278 687 534 826 632
279 685 533 826 633
280 694 541 835 641
281 695 541 834 639
282 702 548 843 648
283 702 548 843 648
284 710 556 851 656
285 710 555 851 655
286 721 564 860 662
287 720 563 861 663
288 719 562 863 664
289 719 562 863 664
290 739 580 880 680
291 739 580 880 680
292 748 588 889 688
293 749 588 890 688
294 758 597 899 697
295 759 597 900 697
296 769 606 908 704
297 770 607 909 705
298 782 616 918 712
299 781 616 917 712
300 781 616 917 712
301 779 614 920 714
302 801 634 937 730
303 801 634 937 730
304 812 643 948 739
305 811 642 950 740
306 823 652 962 750
307 824 652 963 750
308 835 661 974 759
309 835 662 974 760
310 846 672 985 770
311 847 672 986 770
312 848 673 984 769
313 847 674 983 770
314 870 692 1006 788
315 870 692 1009 790
316 882 702 1023 802
317 881 702 1022 802
318 893 712 1034 812
319 894 712 1035 812
320 905 722 1049 824
321 908 723 1049 823
322 919 733 1063 835
323 921 734 1065 836
324 922 735 1063 835
325 921 735 1062 835
326 948 759 1089 859
327 950 761 1089 859
328 965 772 1104 870
329 965 773 1104 871
330 981 787 1117 883
331 983 789 1114 881
332 997 800 1130 894
333 997 801 1130 895
334 1011 808 1147 904
335 1010 806 1149 904
336 1011 807 1150 905
337 1011 807 1150 905
338 1037 828 1176 926
339 1036 828 1175 926
340 1047 830 1186 928
341 1047 830 1186 928
342 1043 813 1182 911
343 1043 813 1182 911
344 1063 823 1202 921
345 1064 823 1203 921
346 1063 804 1204 904
347 1060 803 1201 903
348 1063 803 1202 901
349 1063 804 1202 902
350 1098 823 1237 921
351 1098 820 1237 918
352 1122 830 1261 928
353 1126 831 1262 927
354 1200 813 1336 909
355 1201 813 1337 909
356 1202 809 1338 905
357 1202 809 1338 905
358 1167 797 1306 895
359 1168 797 1307 895
360 1167 796 1306 894
361 1166 795 1307 895
362 1192 809 1331 907
363 1193 811 1329 907
364 1195 809 1331 905
365 1195 810 1331 906
366 1168 800 1307 898
367 1170 802 1306 898
368 1172 802 1305 896
369 1169 801 1305 897
370 1169 800 1305 896
371 1168 799 1307 897
372 1168 800 1307 898
373 1167 799 1308 899
374 1167 799 1308 899
375 1167 798 1308 898
376 1168 799 1307 897
377 1167 800 1306 898
378 1167 799 1308 899
379 1167 799 1308 899
380 1167 798 1308 898
381 1166 798 1307 898
382 1168 799 1307 897
383 1167 799 1308 899
384 1167 798 1308 898
385 1167 798 1308 898
386 1168 799 1307 897
387 1168 800 1307 898
388 1167 799 1308 899
389 1167 799 1308 899
390 1167 799 1308 899
391 1167 799 1308 899
392 1166 798 1310 900
393 1167 799 1308 899
394 1166 798 1310 900
395 1166 799 1310 901
396 1165 797 1312 901
397 1163 795 1316 903
398 1163 795 1316 903
399 1163 795 1316 903
400 1163 795 1316 903
401 1163 796 1316 904
402 1163 796 1316 904
403 1164 797 1314 903
404 1163 796 1316 904
405 1163 796 1316 904
406 1163 796 1316 904
407 1163 796 1316 904
408 1163 796 1316 904
409 1164 797 1314 903
410 1163 796 1316 904
411 1163 796 1316 904
412 1163 796 1316 904
413 1164 797 1314 903
414 1163 796 1316 904
415 1163 796 1316 904
416 1163 796 1316 904
417 1163 796 1316 904
418 1163 796 1316 904
419 1163 796 1316 904
420 1164 796 1314 902
421 1163 795 1316 903
422 1164 796 1314 902
423 1164 796 1314 902
424 1163 795 1316 903
425 1165 797 1312 901
426 1164 796 1314 902
427 1163 795 1316 903
428 1164 796 1314 902
429 1164 796 1314 902
430 1163 795 1316 903
431 1165 797 1312 901
432 1164 796 1314 902
433 1163 795 1316 903
434 1164 796 1314 902
435 1164 797 1314 903
436 1163 795 1316 903
437 1164 796 1314 902
438 1163 795 1316 903
439 1164 796 1314 902
440 1164 797 1314 903
441 1163 796 1316 904
442 1164 796 1314 902
443 1163 795 1316 903
444 1164 796 1314 902
445 1163 795 1316 903
446 1164 796 1314 902
447 1164 797 1314 903
448 1163 795 1316 903
449 1164 796 1314 902
450 1163 795 1316 903
451 1164 796 1314 902
452 1163 797 1313 903
453 1164 796 1314 902
454 1163 795 1316 903
455 1164 796 1314 902
456 1164 797 1314 903
457 1164 796 1314 902
458 1164 796 1314 902
459 1164 797 1314 903
460 1163 795 1316 903
461 1164 796 1314 902
462 1163 795 1316 903
463 1165 797 1312 901
464 1164 797 1314 903
465 1164 797 1314 903
466 1163 795 1316 903
467 1164 796 1314 902
468 1163 795 1316 903
469 1164 796 1314 902
470 1164 796 1314 902
471 1164 797 1314 903
472 1164 796 1314 902
473 1163 795 1316 903
474 1164 796 1314 902
475 1164 796 1314 902
476 1164 797 1314 903
477 1164 796 1314 902
478 1163 795 1316 903
479 1164 796 1314 902
480 1163 795 1316 903
481 1165 797 1312 901
482 1164 797 1314 903
483 1163 795 1316 903
484 1164 796 1314 902
485 1165 797 1312 901
486 1164 797 1314 903
487 1163 795 1316 903
488 1164 796 1314 902
489 1165 797 1312 901
490 1164 796 1314 902
491 1163 795 1316 903
